0.481573
0.248553
0.084062
0.026230
-0.107134
-0.181022
0.161759
0.951944
-0.038712
0.233113
0.776380
0.495046
-0.050563
-0.004486
0.004548
0.091015
-0.338940
-0.217535
-0.334604
0.172593
0.166536
0.060739
-0.180332
0.053495
-0.202902
-0.076037
0.008282
-0.135311
-0.189540
-0.058732
-0.180955
-0.034847
-0.049620
0.048278
0.135622
0.151634
0.140805
-0.508993
0.006166
0.037265
-0.068660
-0.082905
-0.011000
0.178242
0.074902
-0.116323
0.097833
0.045325
-0.256366
-0.292866
-0.490164
0.106435
-0.461737
-0.064671
-0.464894
-0.140923
0.108861
0.059340
0.074746
0.032326
0.000365
0.207638
-0.058432
0.150155
-0.007406
-0.214518
0.620422
0.223473
-0.123775
0.021292
-0.182636
0.022238
0.223298
0.048895
0.114409
-0.367960
0.013735
-0.197720
0.060625
0.019459
-0.358760
-0.368121
-0.168228
-0.027065
-0.020415
-0.069035
0.027820
0.093435
-0.040754
-0.017254
0.005430
0.036242
-0.087700
-0.102988
-0.132320
-0.052268
0.042615
-0.065872
0.011886
0.034665
-0.009935
-0.065786
0.072103
0.381927
-0.099983
-0.134309
0.142280
0.264104
0.169479
0.022038
-0.021547
0.024827
-0.050547
0.099754
-0.161498
0.036810
0.361646
0.262655
0.156504
0.099489
0.341667
0.101649
0.497772
0.162424
-0.131877
0.075066
-0.048251
0.176591
0.223517
0.102982
0.225997
-0.152166
0.166959
0.075051
-0.239163
-0.052495
-0.014205
0.278120
0.150350
0.160547
0.123753
0.227445
0.355135
0.019193
-0.006764
-0.086306
-0.347307
0.203306
0.244849
-0.272448
0.526342
0.052540
0.311693
0.113077
0.059247
0.321551
0.379054
0.057553
-0.282425
0.102684
0.174249
-0.480939
-0.301154
0.085390
0.014701
-0.013122
0.067870
0.052471
-0.177888
-0.012312
0.224479
0.459328
0.036171
-0.027449
-0.133283
-0.226896
0.083044
0.042220
-0.094270
-0.530520
-0.122462
-0.103020
-0.406747
-0.108305
-0.070705
0.379544
-0.014993
0.151108
-0.046442
0.280980
0.191989
-0.010799
-0.058690
0.053194
0.015423
-0.001837
-0.069303
-0.108123
-0.175168
-0.179880
-0.115228
0.099734
-0.275247
0.019818
-0.034624
0.401339
-0.046240
0.019925
-0.020757
-0.097221
-0.027847
0.144187
-0.086480
0.013922
-0.009580
-0.011350
0.021330
-0.049774
-0.079106
0.173832
-0.084701
0.234882
0.003412
0.401978
-0.165828
-0.026697
-0.174438
-0.550657
-0.130436
-0.112451
-0.037493
0.214997
0.188714
0.137654
0.174287
0.011947
0.000702
0.041467
0.078123
0.128990
-0.205154
-0.011081
-0.011611
-0.001589
0.044389
-0.038231
-0.107180
0.081546
-0.161940
-0.538075
-0.063333
0.028854
-0.145621
-0.473085
-0.334082
-0.443201
-0.341011
0.089004
-0.305954
0.246824
-0.175335
0.082330
-0.015431
-0.021227
-0.161804
0.112663
0.009738
0.302102
-0.034207
0.080379
-0.135660
-0.084764
-0.206274
0.219398
-0.051651
0.324484
-0.107826
0.067934
-0.198726
0.092762
-0.050896
0.354776
-0.034078
-0.261611
0.048481
-0.095023
0.328362
0.178015
0.042046
0.041504
-0.212060
-0.240152
-0.151529
-0.609537
-0.097435
-0.016095
-1.018323
0.181159
-0.019112
0.056339
0.010052
0.059031
-0.066455
-0.343807
0.021520
0.036481
-0.143765
0.123227
-0.288148
-0.148243
0.255139
-0.155835
0.322287
0.823558
0.028645
0.220551
-0.018155
-0.031421
0.017909
0.296386
-0.086576
-0.045312
0.058721
0.031346
0.203159
0.045057
0.085322
-0.306633
-0.072566
0.125862
0.106025
-0.032501
0.128736
0.079661
0.034156
0.110505
-0.025322
0.276687
-0.044239
0.022339
-0.049351
0.290898
-0.097563
-0.223967
-0.133842
0.332025
-0.066109
-0.253930
-0.008125
0.100506
0.015307
0.100365
-0.096410
0.022388
0.120126
0.079827
-0.138984
-0.025607
-0.321296
0.222567
0.046508
0.035738
-0.093671
-0.071209
0.014255
0.054539
-0.122462
-0.049074
-0.012097
-0.203898
-0.019912
-0.180980
-0.084889
0.150812
0.151677
0.148069
-0.271814
0.191626
0.074051
-0.054567
-0.372010
0.034446
0.114756
0.037070
0.246861
0.063149
-0.120150
-0.135738
-0.082706
-0.067441
-0.124210
-0.063645
-0.146255
0.013139
-0.142376
0.082527
-0.202894
0.112481
-0.027907
-0.247880
0.141488
0.048450
0.083643
-0.108029
-0.269218
-0.187403
0.045806
-0.036657
-0.556091
-0.280579
0.001378
0.582991
-0.053515
0.502989
0.235708
0.228221
-0.055309
-0.139420
-0.076798
0.018545
0.016067
0.054021
0.079834
-0.364048
0.133120
-0.003415
-0.013953
0.102120
0.004338
0.408552
-0.262532
0.124448
0.032387
0.059322
-0.121724
0.254105
-0.124390
0.150221
-0.088982
0.048074
0.000923
-0.033577
-0.131817
0.002031
0.152024
0.343046
0.064435
0.069777
0.105292
-0.106648
-0.013257
0.090324
-0.092768
0.023222
-0.060953
-0.115622
-0.006611
0.220179
0.394442
0.256093
0.273144
0.002808
0.275190
0.045754
-0.262002
-0.299620
-0.257341
-0.144000
0.237812
0.099679
0.159034
-0.051227
0.084156
0.024017
-0.405216
-0.142019
0.087450
0.030141
-0.090945
0.467264
0.116968
-0.022077
-0.081911
0.432279
0.286068
0.080064
0.054550
0.084188
0.039480
-0.169489
0.001909
0.116596
0.135456
-0.218137
-0.222421
0.002074
0.140146
0.049467
-0.147374
0.173091
-0.212957
0.107008
0.070375
0.127441
0.331738
0.341186
-0.272793
0.163825
0.374363
0.076696
-0.030226
0.044136
0.026567
0.073283
-0.438135
0.026302
-0.042120
-0.217627
0.009958
0.043150
0.055173
0.373004
-0.151549
-0.159378
0.101850
0.085060
-0.203038
-0.064193
0.160448
0.262921
0.099023
0.016994
-0.003382
-0.067833
0.095135
-0.038700
0.069556
0.404666
0.283958
0.227308
-0.181268
0.100538
0.019739
0.171918
0.064230
-0.043778
0.117194
-0.005982
-0.114492
-0.039551
0.022394
0.099128
0.161233
-0.219242
-0.075129
0.035256
-0.031516
0.027952
-0.030695
0.080025
-0.103409
0.103086
0.165209
0.018725
-0.137698
-0.022955
0.062840
0.047073
-0.273530
-0.113179
-0.349792
0.136252
-0.135512
0.077461
-0.067183
-0.045027
-0.024251
-0.177986
-0.027196
-0.121236
0.027963
-0.309526
-0.058191
0.334600
0.312172
0.443521
-0.093183
-0.199971
0.236974
0.255151
0.186321
0.211168
-0.533651
0.003846
0.010907
0.045083
-0.045541
0.084865
0.025786
-0.153045
-0.069974
-0.087639
-0.161912
-0.363963
-0.037058
-0.059573
0.177690
-0.016443
-0.056468
-0.005954
-0.221793
0.115998
0.290682
0.139745
-0.065492
0.230144
-0.126771
0.112604
0.595982
0.107128
-0.349086
-0.111711
-0.027318
0.668058
0.168087
-0.444001
-0.375964
0.311239
-0.089650
-0.104638
-0.127663
0.045723
0.082054
0.119278
0.152290
-0.382714
-0.123998
0.150592
-0.004220
0.059270
-0.020266
-0.032026
-0.070011
-0.011875
-0.082284
-0.182296
-0.090539
-0.284776
-0.022909
-0.170164
-0.008772
-0.001149
0.100486
-0.003748
0.072024
0.094946
-0.102469
-0.011568
0.135869
0.064230
0.104251
0.028025
-0.129273
-0.068775
-0.257142
-0.049206
-0.145912
-0.007195
-0.058780
-0.109869
-0.103406
-0.304213
-0.126886
-0.318930
-0.074445
0.169298
0.266887
0.424633
0.452097
-0.023662
-0.036643
0.304543
-0.136519
0.016266
0.074100
0.112717
0.001226
-0.213268
-0.273767
-0.087866
-0.036734
0.140524
0.230931
-0.000599
0.059720
-0.114139
-0.097779
-0.013056
0.040820
0.013579
-0.000063
0.184247
-0.226952
-0.111704
-0.133813
0.029538
-0.172311
0.144467
0.036120
0.160911
0.039282
0.032027
0.029620
0.232072
-0.083653
-0.021306
-0.015361
-0.110064
-0.194213
0.083683
0.209700
-0.104305
0.371192
0.099446
0.133681
0.028202
-0.007369
0.018799
0.018411
0.069405
0.216642
0.000397
-0.196358
0.121908
-0.041228
-0.056840
-0.095207
-0.017777
0.011253
-0.167125
-0.186777
0.022966
-0.058703
0.152507
0.040733
0.127209
0.061797
0.143802
-0.161895
-0.015667
0.121156
0.351223
0.129164
0.349759
0.182757
0.312350
0.233767
-0.240639
-0.224149
-0.127806
-0.020838
0.099412
0.010327
0.002919
-0.225682
-0.281675
-0.227771
-0.196794
-0.012879
-0.114659
0.100506
-0.051847
0.025259
0.005569
-0.145729
-0.076475
0.017962
-0.051106
-0.050823
0.030263
0.002487
-0.519847
-0.242408
-0.367014
-0.046090
0.151130
0.252552
0.100796
-0.039679
0.014225
0.199909
0.011798
-0.260024
0.025642
-0.245425
-0.165870
0.088073
0.147846
0.402489
-0.165310
-0.131712
0.049479
0.012039
0.073553
-0.256021
-0.259451
-0.013167
-0.241221
0.301276
0.143134
0.075747
0.062684
0.041301
0.042215
-0.087126
0.053845
-0.110242
0.081155
0.138240
-0.281358
-0.106207
0.032428
0.163210
-0.121201
0.240978
-0.262508
-0.447185
-0.464065
0.161100
0.377046
-0.045685
0.135326
-0.252682
0.046681
0.102429
0.074275
-0.014029
0.131001
0.113627
0.152987
0.105308
0.164181
0.006521
0.000303
0.238262
0.381456
0.189683
0.437081
-0.033399
0.094353
-0.074820
-0.054837
0.027429
0.097761
0.023988
-0.119845
-0.059040
-0.086146
-0.088927
0.052462
-0.054947
0.004641
-0.173095
-0.051754
0.024583
-0.085711
0.041429
0.032427
0.213413
0.229661
0.240704
0.160520
0.173833
-0.113094
-0.385305
0.170053
0.120131
-0.153127
0.084335
0.179306
-0.291065
0.143682
-0.118415
0.054234
-0.149187
0.164355
0.043923
0.143865
-0.210086
-0.002850
-0.350274
0.266507
-0.404589
0.278202
0.041154
0.122512
-0.422517
-0.380989
0.563679
0.012764
0.281435
-0.045707
-0.037780
-0.097391
-0.205855
-0.117321
-0.056812
0.143407
0.153375
0.151927
-0.065444
-0.282057
-0.010642
0.291649
0.549804
0.254645
-0.049245
-0.085738
-0.002000
-0.039905
0.241854
0.034369
0.132495
0.167793
0.304579
0.006058
0.041657
0.006495
0.021669
0.072253
0.080941
-0.149614
0.101282
-0.010825
0.012836
-0.297380
0.069529
0.549771
0.058008
-0.190680
-0.049138
0.271679
0.194283
0.370558
0.230863
-0.278426
-0.160266
-0.043381
-0.119225
-0.169912
-0.331158
-0.036710
-0.168265
-0.005663
0.304002
0.018192
-0.025448
-0.243086
-0.085297
-0.339780
-0.006795
-0.119192
-0.008367
0.245174
-0.174913
-0.262950
-0.474673
0.025387
0.146304
0.038817
0.151906
0.077404
0.091092
0.318299
0.103848
0.143913
0.019963
-0.091569
-0.742262
0.036760
0.011703
0.298868
0.447882
0.582507
0.080835
-0.324184
0.000923
0.040596
-0.066547
0.006971
-0.372929
0.010485
0.278698
0.078057
0.028434
0.102462
0.176104
0.153088
-0.334599
-0.072083
-0.080391
-0.184312
0.110294
-0.492679
-0.475490
0.340784
0.259931
0.899923
0.284601
0.065278
0.393914
-0.099862
-0.110927
-0.003549
0.193186
-0.318783
-0.227132
-0.425192
-0.014017
0.050872
-0.014878
-0.042658
-0.005408
-0.062263
0.138131
0.092571
0.306937
0.187181
-0.126177
-0.136464
0.394436
0.373428
0.424563
0.093091
0.021991
-0.274289
0.218056
0.110049
-0.279987
0.059824
-0.059095
-0.035111
-0.365982
0.301680
0.484148
0.288866
0.124235
-0.552982
-0.232196
-0.027565
-0.063301
0.329361
-0.255002
-0.042282
-0.041867
0.103054
-0.431112
0.019753
-0.145103
-0.088218
0.113422
-0.201254
0.432848
-0.062939
-0.239291
-0.390231
-0.157165
0.346545
0.012588
-0.316773
0.161825
0.200943
-0.138956
-0.080327
-0.021963
-0.411085
-0.029304
-0.015836
0.269746
-0.280278
-0.119286
0.093870
0.309663
-0.088996
0.348590
0.134879
0.319749
0.027085
-0.189624
0.304756
0.106282
0.203901
0.173106
-0.468330
-0.001684
-0.158013
0.110950
0.062028
0.005484
0.042920
0.041448
0.022504
-0.044417
0.242077
0.125932
0.763653
-0.107809
-0.061940
-0.175497
0.303932
0.459710
0.108828
-0.156260
0.256773
0.022087
-0.487147
-0.183058
-0.395295
-0.050712
0.039716
0.064784
-0.382704
0.271338
0.190403
0.032678
0.033470
0.037608
-0.118234
0.053859
0.048684
-0.127143
0.011593
0.163952
0.004928
0.242511
0.144636
0.009625
-0.020679
0.227394
0.034560
0.349607
-0.114321
-0.106573
-0.176063
-0.302702
-0.112149
-0.297343
-0.298186
-0.203263
-0.275398
0.358936
-0.076522
0.047188
0.011757
0.132056
0.098595
-0.090286
-0.246979
0.093328
0.217501
-0.031656
-0.024723
-0.137605
-0.350014
-0.171913
0.179666
-0.187672
-0.095853
-0.165359
0.023789
0.370360
0.215937
0.489926
0.106006
0.087517
0.085617
-0.536146
-0.001895
-0.076100
0.094470
0.073921
0.011975
-0.066374
0.260163
0.199051
0.153046
-0.099486
0.037687
0.027582
-0.002033
0.015128
-0.004169
-0.043478
0.059986
-0.046861
0.013286
0.167680
0.009842
0.159236
0.260024
-0.049949
-0.224709
-0.210558
0.150716
0.048644
-0.172631
-0.113800
0.082020
-0.340433
-0.112267
0.052213
0.190826
0.061118
0.002743
0.053846
-0.052721
0.212948
0.096083
-0.051787
-0.027145
-0.064423
-0.051446
-0.012370
0.030974
-0.057448
-0.264379
-0.008837
-0.179807
-0.105410
-0.177084
-0.006417
0.349754
0.345978
0.327632
0.525883
0.210905
-0.466031
-0.075813
0.077967
-0.056015
0.112124
0.113578
0.343822
0.315772
-0.036582
0.021105
-0.098217
-0.117511
-0.180305
-0.174286
-0.046918
0.051551
-0.021990
-0.047269
-0.127961
-0.102318
-0.126334
-0.124293
-0.101237
-0.083517
0.172239
0.106755
0.171215
0.153598
-0.117255
-0.201359
0.271148
0.230168
0.009206
-0.149145
0.074459
0.183764
-0.186000
-0.012254
-0.152300
0.112135
0.260825
1.034612
0.111935
0.314514
0.163480
0.108671
0.030678
0.015751
-0.034913
-0.169631
0.072673
-0.046958
0.010740
0.193180
-0.059090
-0.385419
-0.074666
0.027165
-0.076568
-0.171375
0.059176
0.214001
0.169891
0.227031
0.001525
0.257395
-0.084113
-0.004658
-0.242614
0.171983
-0.008236
0.222772
-0.033503
-0.132035
-0.053936
-0.098200
-0.276327
-0.094827
-0.077595
0.222161
-0.306077
0.345478
-0.141918
0.089243
0.138328
-0.021396
0.106664
-0.000640
0.046216
0.122301
-0.069797
-0.117852
-0.020880
-0.067126
-0.109639
-0.157023
0.114468
0.026758
-0.335587
-0.186149
-0.038491
-0.370923
-0.293320
-0.127393
-0.022153
0.078170
-0.110438
-0.202941
0.120342
-0.123314
-0.130690
0.244791
0.362382
0.201264
-0.080885
0.354616
0.252685
-0.042447
0.109054
-0.068236
0.077501
-0.395267
-0.051496
0.321433
-0.060493
0.217981
0.096222
0.037576
-0.202589
0.146628
1.058926
0.121921
-0.164022
0.017330
0.121680
-0.004293
-0.688579
0.265431
-0.594353
0.032305
0.443805
-0.346341
0.289914
-0.059008
-0.127718
-0.245972
0.230915
-0.046869
0.089911
0.176820
0.173750
-0.135109
-0.176391
-0.128613
-0.487529
-0.081609
0.028143
-0.419891
-0.062129
0.050204
0.081037
0.090547
0.102198
0.107723
0.026109
-0.138621
0.019838
-0.050490
-0.246958
-0.368710
-0.013638
0.113177
0.003382
-0.429333
-0.518949
0.189915
-0.120007
-0.007548
0.011456
-0.116094
0.007745
-0.181258
-0.119248
0.139154
0.069959
-0.095562
-0.139783
-0.156985
-0.472334
-0.448160
0.018990
-0.054451
-0.046214
0.036278
-0.007268
0.226651
0.197137
-0.244026
0.175935
0.012878
0.374421
0.268812
0.931347
-0.340123
0.000435
-0.434665
-0.015730
0.236623
0.180226
0.028929
0.031703
0.046031
0.110128
0.046520
-0.109784
0.230486
0.158918
0.173219
-0.025870
-0.062505
-0.010214
-0.296777
-0.086926
-0.035176
-0.034639
0.103970
-0.042413
-0.424898
0.043991
-0.019437
-0.103607
-0.094116
-0.000735
0.137844
-0.052564
-0.042866
0.262729
0.283071
-0.074346
-0.038163
0.064391
-0.117500
-0.071408
0.050981
0.111851
0.064438
-0.049857
-0.205242
-0.362535
-0.001876
-0.139782
0.143306
-0.383459
-0.457575
0.053542
0.351939
-0.255534
-0.067449
-0.230050
0.242870
0.062230
0.026176
0.292171
0.375309
-0.518266
-0.064838
0.275441
-0.101502
-0.127629
-0.122388
-0.209859
0.078299
-0.379755
0.037940
0.260478
-0.025591
0.001569
-0.032184
-0.107158
0.058307
0.083204
-0.002142
-0.040609
-0.061974
0.009176
0.263185
-0.086300
0.253338
0.019171
0.068371
-0.123577
-0.030137
-0.142493
0.151115
0.260154
-0.101597
-0.112500
0.020504
0.092168
0.192391
0.100926
0.235000
0.322801
0.088871
0.370317
-0.008985
-0.017777
0.202542
-0.104941
-0.216048
0.058342
0.265066
-0.191687
0.254450
0.095286
-0.015046
0.019377
0.282209
0.018743
0.267340
0.073638
-0.039699
-0.294915
-0.014190
0.155217
0.123315
0.337799
0.373865
-0.333104
0.201625
0.031957
0.072869
-0.302000
0.067525
0.502612
0.141879
0.194254
-0.092945
-0.048389
0.162799
0.186643
0.257402
-0.145565
0.334112
0.167242
0.005570
0.224352
-0.008151
-0.073115
0.099419
0.117061
0.152015
-0.020370
0.105656
0.061125
0.110742
-0.498088
0.097194
-0.069287
-0.243809
-0.059123
-0.082214
-0.037267
0.362156
0.105044
0.522333
0.449068
-0.171752
0.349475
0.252101
0.181181
-0.001319
0.102086
0.252102
0.193346
0.038376
0.112714
0.298797
0.297484
0.311799
0.119846
-0.035707
0.696089
0.339387
0.025322
-0.563922
-0.031723
-0.186991
0.114276
0.200863
-0.102714
0.226529
-0.103533
0.260777
0.150151
0.337134
0.133006
-0.036744
-0.160017
0.129773
-0.363834
0.319531
0.072101
0.296810
0.759885
-0.052020
-0.366748
0.029890
0.121745
0.018886
0.237716
0.171485
0.134817
0.059965
-0.027991
0.128069
-0.198748
0.121473
0.039171
0.154017
-0.074617
0.159942
0.255714
-0.284663
0.706142
0.182142
-0.097161
0.096787
-0.089099
0.147602
-0.240817
-0.001817
0.339709
0.238247
0.265687
-0.006715
0.402068
-0.411760
0.131832
0.112268
0.071847
0.215644
0.127758
-0.211185
-0.047056
0.063777
-0.646950
0.260226
0.188010
-0.581866
0.285037
0.392020
0.636536
0.088472
0.162832
0.208321
-0.495954
0.055256
0.077134
-0.070180
0.037259
0.095645
-0.049934
-0.451748
-0.367302
0.157931
0.307553
-0.050229
0.219465
0.178748
0.031343
-0.411551
-0.024722
0.000552
0.361528
-0.038459
0.095148
0.211620
0.581113
0.433605
-0.005781
-0.051572
0.020645
0.005931
0.102429
-0.520148
-0.651952
0.079210
0.002587
-0.055470
0.146636
-0.065742
-0.103533
-0.113521
0.055396
0.252893
0.150221
0.153192
0.161724
0.073904
-0.368590
0.157875
0.329821
0.264458
0.203403
0.071156
-0.021973
0.098647
0.275993
-0.458469
-0.337729
0.232726
0.310634
-0.428041
-0.491809
0.015268
0.057001
0.050122
-0.004012
0.070421
-0.034089
0.017947
0.071134
0.137898
0.047560
0.141638
0.159760
-0.209065
0.064377
0.466517
0.282130
0.107649
0.059671
-0.915212
-0.183535
0.158261
-0.023753
-0.185559
-0.081096
0.180389
-0.054777
-0.326956
0.182553
0.020100
-0.116104
-0.032846
0.151724
0.192809
-0.161879
0.029209
-0.094532
-0.083546
-0.097049
0.213181
0.075644
-0.069382
0.090218
0.166101
-0.162014
-0.005841
-0.024309
0.074282
1.244026
0.044133
-0.024251
0.048026
0.084556
-0.179339
-0.062252
0.064641
-0.023484
-0.040657
0.260254
0.249453
-0.044562
0.009811
-0.046488
-0.250265
0.856751
0.346828
0.001119
0.325363
0.011127
0.472468
0.213383
-0.026103
0.027927
-0.063881
0.060365
-0.193800
0.607003
-0.026881
0.023990
0.159757
0.098052
0.018945
0.126981
0.315526
-0.176359
-0.058870
0.000485
-0.014902
-0.060975
0.051678
-0.038306
-0.021013
0.008383
-0.188088
-0.218402
-0.040029
-0.052847
-0.101917
0.142560
0.322257
0.132620
-0.042796
-0.044986
-0.146253
-0.040107
-0.071274
0.154633
0.047221
0.206574
-0.111297
-0.128704
-0.022602
-0.139144
0.227203
0.012770
0.238805
0.547038
-0.003680
-0.040763
-0.027716
-0.052670
-0.157860
0.092869
-0.098499
0.302050
0.218869
0.206411
0.234958
0.298885
0.183255
0.277195
0.058995
0.032159
0.044689
0.172886
-0.508458
-0.122816
-0.168637
-0.050726
-0.170466
0.029484
-0.205209
0.027175
0.035240
-0.274044
-0.357965
0.094227
0.061389
0.332987
0.021656
0.277254
-0.107537
-0.186894
-0.061158
0.022789
0.241329
0.287942
0.374097
0.443498
0.291921
0.374708
-0.574638
-0.037457
-0.135642
0.372499
-0.043808
0.122817
0.017441
0.046272
0.425034
-0.125573
-0.109307
-0.070544
0.192278
0.220251
0.068509
0.059238
0.349880
0.235737
-0.099168
0.035474
0.173470
-0.097453
0.248919
-0.449185
-0.012297
-0.479368
-0.305434
-0.014017
0.218623
0.169743
-0.126513
0.017082
0.079717
-0.412194
0.018736
0.145098
1.271187
0.161591
0.163916
0.137906
0.012098
0.044483
-0.020072
0.073317
-0.236994
-0.146444
-0.069069
0.091316
0.359945
0.148762
0.089676
0.108706
0.172798
0.056391
0.199896
0.118639
-0.248724
-0.389766
-0.565076
0.405538
0.992415
-0.063124
-0.026564
0.227156
-0.288525
-0.129844
-0.232339
0.020165
0.004910
-0.071916
-0.081705
0.113835
-0.374059
-0.281546
0.122764
0.304839
-0.361845
0.124440
-0.049162
-0.000762
-0.150119
0.135672
-0.526117
0.114202
0.145594
-0.045846
0.101642
0.207270
0.318132
0.562854
-0.017416
0.058995
0.297571
0.011448
0.206141
-0.134694
-0.090886
-0.075665
-0.031861
0.078179
0.058876
0.023320
0.331267
-0.597993
-0.385022
-0.552415
0.118671
-0.144368
0.721756
0.075424
0.044546
0.032292
-0.010127
0.122015
0.120171
-0.023067
0.223967
0.154407
0.118080
-0.139969
0.341482
0.236427
0.057917
-0.059577
0.124174
0.028271
-0.160040
0.095144
0.192714
-0.460412
-0.440078
0.119990
0.014890
0.069214
-0.001149
0.131248
0.165593
-0.013566
-0.072996
0.123111
0.024469
0.090264
-0.003960
0.113410
0.385901
0.078865
0.009873
-0.300260
0.009346
-0.097544
-0.368154
0.188010
0.149984
-0.082404
-0.112293
-0.198900
-0.012803
0.116629
0.033529
-0.004613
-0.060262
0.115441
-0.427976
-0.062244
-0.099843
-0.090757
-0.018689
-0.103577
-0.265969
0.080647
-0.013541
-0.093304
0.180780
0.121240
-0.288582
0.232477
0.011680
-0.106473
-0.040277
0.190869
0.228399
0.146577
0.224949
0.004638
-0.109646
-0.106793
0.168283
0.145435
0.039217
-0.154564
0.430586
-0.000987
-0.124168
-0.133346
-0.056419
0.019362
-0.268071
0.001907
-0.506787
0.021625
0.243105
0.418131
0.238504
0.011685
-0.318982
-0.331417
-0.249591
0.408392
-0.108742
0.102616
1.139916
0.106409
0.150937
-0.268949
0.099294
0.021593
-0.489222
-0.112981
-0.098929
0.265296
0.062887
-0.016898
-0.050568
-0.121724
-0.030581
-0.070900
0.037812
0.369955
0.563159
-0.046547
0.198002
0.106588
0.323183
-0.047618
0.038791
0.164295
-0.091768
0.372435
-0.080049
0.050076
0.218785
0.127695
-0.109353
0.360536
0.133146
-0.023283
-0.021945
0.009077
0.030007
-0.186558
0.091100
0.166108
0.149524
-0.001276
0.077524
-0.021763
0.257702
0.045394
-0.007278
0.028056
0.001463
-0.355033
-0.161462
-0.141211
-0.035306
0.070894
0.090482
0.470472
0.308218
0.193149
0.103719
-0.052649
-0.132381
-0.179701
0.106371
-0.113594
0.436867
0.195900
0.990483
0.112364
-0.466204
0.062693
0.077775
-0.076868
-0.034143
0.165014
0.175573
-0.012821
0.109545
0.191479
-0.095987
-0.039841
-0.128226
0.069922
0.038236
0.139513
-0.159296
-0.122023
-0.374813
-0.145001
0.046348
0.072445
0.324896
0.101525
0.022256
0.236956
0.144670
-0.009412
0.061756
0.112149
0.303553
-0.265388
-0.207048
-0.122768
0.134481
0.127698
0.175471
-0.201194
-0.133621
-0.018955
-0.049095
0.038736
-0.115573
0.121018
-0.389428
0.579809
-0.029761
0.114772
0.190251
0.066361
-0.080976
0.174903
0.231084
0.155292
0.067365
0.044424
0.051533
0.201140
0.191562
0.226061
0.052276
0.088396
-0.420731
0.330446
-0.126915
-0.401858
-0.081698
-0.108447
0.015129
-0.028926
0.201840
-0.172834
-0.002103
-0.167311
-0.190128
0.018608
0.007360
0.539865
-0.181947
-0.153830
-0.121520
-0.251377
-0.221943
-0.016989
0.008518
-0.212020
-0.105864
0.025045
-0.127168
-0.274198
-0.018596
-0.197487
-0.066791
-0.123451
0.020780
-0.456748
0.180320
-0.375141
0.040985
0.015511
0.059230
0.179280
0.304943
0.135380
-0.056304
-0.169857
0.070530
-0.237769
-0.069160
0.410161
-0.191889
0.109463
-0.054711
-0.574167
0.039043
0.150769
0.205784
-0.052245
0.586678
0.114241
0.227944
0.011166
-0.025337
0.359432
-0.076067
0.008392
-0.079997
0.251650
-0.298786
-0.086186
0.096085
0.404606
0.059245
-0.193835
-0.180377
0.254267
-0.110055
0.145096
-0.270740
-0.000046
0.103788
0.008379
-0.098839
0.137322
-0.010309
0.350887
-0.263782
-0.173919
-0.186590
-0.198021
0.229905
0.058433
-0.948337
0.126727
-0.115467
-0.372187
-0.628591
-0.231088
-0.439861
-0.083347
-0.047005
0.148717
0.165307
0.291711
0.161635
-0.146594
0.121645
-0.004037
0.098743
-0.397882
-0.395722
-0.181667
-0.143436
0.410357
0.040979
-0.071775
-0.170887
-0.033768
0.176926
-0.015216
-0.086073
-0.097446
0.129357
0.003343
0.088599
0.139521
-0.021364
-0.028866
-0.013111
0.410985
-0.027021
-0.108882
0.061399
0.089411
0.066359
0.163358
0.131037
-0.386975
0.509124
-0.405721
-0.130684
-0.253946
-0.416311
0.134589
0.099218
-0.018416
0.153802
0.140639
0.073824
0.168371
0.014537
-0.203647
0.059093
0.021618
-0.064670
-0.089366
0.009911
-0.070725
-0.203260
-0.039600
-0.169812
-0.897119
0.108095
-0.067761
-0.351054
-0.043524
-0.032036
-0.107608
0.068230
-0.126718
-0.067027
0.188407
0.217582
0.062630
0.275448
0.557612
0.709092
0.179352
0.302411
0.340644
0.071870
-0.044213
0.067126
-0.000395
0.114398
0.075586
-0.187485
-0.179850
0.126510
0.564410
-0.107908
0.136073
0.067500
0.272908
0.146284
-0.211503
0.222069
-0.238086
0.212494
-0.263280
-0.201454
0.068332
0.154507
0.253806
0.001878
0.094680
0.121892
-0.182253
-0.077531
-0.258578
-0.278685
0.022608
0.087247
0.132087
0.091011
0.185736
0.228017
0.051433
-0.206171
0.096178
0.031672
-0.043883
-0.183889
-0.070289
-0.038375
0.105658
0.132341
0.212294
-0.031118
-0.110798
-0.283622
-0.019883
-0.258138
-0.407815
-0.004117
-0.183901
0.127521
-0.149990
0.003607
-0.118850
-0.037392
-0.048143
-0.112494
-0.155569
0.079760
0.215842
-0.015736
-0.040188
-0.010385
0.147249
-0.042998
-0.016806
0.117434
-0.070387
0.041012
0.047328
0.197459
-0.336082
-0.102258
0.132966
-0.101899
-0.581650
0.268250
-0.234598
-0.163855
-0.188580
-0.128684
-0.449156
0.694542
0.118358
0.682253
0.020206
0.057265
-0.090259
-0.097409
0.002726
0.455445
-0.104227
-0.021005
-0.170931
0.089229
-0.102038
0.112256
0.040597
0.116989
-0.161246
-0.164286
-0.136391
-0.011115
0.030290
0.104912
0.012845
0.123789
-0.064845
0.302932
0.062393
0.298463
-0.016989
-0.028211
-0.185995
-0.081423
0.083009
-0.018870
-0.071727
-0.002395
-0.064470
-0.448774
0.102750
0.210265
0.240043
0.747183
0.086644
0.180468
0.271943
0.421365
-0.299413
-0.206126
-0.322027
0.176103
-0.043720
-0.288409
-0.104279
0.343993
-0.086691
0.242508
-0.028699
-0.395503
0.025491
-0.007124
-0.080836
0.069246
0.050844
0.020021
-0.098616
-0.025144
0.105824
-0.070318
-0.108221
0.066247
-0.080951
-0.085606
-0.051479
0.266157
0.265489
-0.114587
-0.021178
-0.500311
-0.072009
0.185279
-0.126275
-0.038547
0.052630
-0.044993
-0.005671
0.167342
-0.122111
-0.078258
0.028527
-0.027466
-0.050612
0.337919
-0.337715
-0.088766
-0.259327
-0.100973
-0.053416
-0.043376
-0.268285
0.065834
0.258415
-0.244375
0.044387
0.020248
0.290413
-0.025744
0.052254
0.480447
-0.273793
0.160794
-0.258816
-0.109557
-0.108060
-0.138256
0.023716
-0.171160
-0.429367
-0.159073
-0.569925
0.076468
-0.111039
-0.392577
-0.145801
-0.127602
-0.091622
0.358293
-0.196640
-0.017735
0.002955
0.084801
0.233600
0.099387
-0.060842
0.026011
-0.187324
-0.034290
0.080836
-0.100672
-0.060953
0.413874
0.057582
0.053290
0.212324
0.220319
0.100583
0.028252
0.032353
0.121314
0.311588
0.055375
0.187751
0.199517
-0.019184
-0.188133
-0.024323
-0.085833
0.461398
-0.156486
0.183375
0.040377
-0.007843
0.005501
-0.024331
-0.078868
-0.130395
-0.105018
-0.024239
-0.215552
-0.268432
0.249355
-0.320122
-0.022467
0.018855
0.045022
0.238346
0.009043
0.052222
-0.146342
-0.325187
0.314027
0.219570
0.123741
0.111690
0.679307
0.372664
0.076544
0.174157
0.489931
-0.137904
0.127876
0.047506
-0.028883
-0.098988
-0.138121
-0.284380
0.034409
0.281217
0.009981
0.040928
-0.220294
-0.328418
0.275557
0.207708
0.309922
-0.529695
0.195792
0.013957
0.049754
0.173731
-0.276325
0.029072
0.155321
-0.146974
-0.025753
-0.035247
0.009993
-0.088206
0.083104
0.247958
0.152831
-0.029582
0.040013
0.117821
-0.229133
0.113260
-0.139759
-0.386477
-0.172239
0.055893
0.045744
0.185988
0.103640
0.456430
-0.537087
-0.068874
0.137620
-0.228936
0.313674
1.242630
-0.358668
0.141102
-0.074892
0.069994
-0.060021
-0.059389
0.329310
0.054613
0.085496
0.259344
0.213225
0.133421
0.081271
-0.046645
0.102221
0.037163
-0.189238
-0.064916
-0.031002
0.011532
0.148045
-0.092470
-0.165282
-0.110009
0.156730
-0.135883
0.004109
-0.046295
-0.567349
-0.235679
0.003721
-0.003394
-0.177548
0.017301
0.484802
0.202414
0.269983
-0.002273
-0.043496
-0.034637
-0.003203
0.665398
0.045039
-0.007769
-0.208788
-0.227355
-0.034547
-0.192300
-0.139192
-0.060906
-0.128383
0.075633
0.054973
0.022287
-0.057606
0.111920
-0.024547
0.012724
-0.177144
-0.313268
0.323219
-0.106184
-0.462354
-0.114503
-0.059520
-0.088688
-0.272502
0.591835
0.057799
0.018567
0.005424
0.139736
-0.013562
-0.000277
-0.280036
-0.046837
0.286689
-0.152665
-0.053176
-0.428311
-0.095398
0.386044
1.088986
0.090109
-0.286294
0.081314
-0.135707
-0.351259
-0.108242
-0.503835
-0.122703
-0.150730
-0.060084
-0.210601
-0.126209
-0.137092
-0.126600
0.214942
-0.017942
-0.072115
-0.251970
-0.019697
-0.132598
0.058254
-0.090214
-0.272530
-0.039148
-0.208214
-0.078777
-0.320792
-0.357328
-0.129411
-0.162579
-0.072292
-0.033485
0.119338
0.156592
0.010052
-0.104669
-0.125834
-0.083216
-0.035716
-0.047550
0.040386
-0.134056
0.064072
-0.218522
0.187653
0.039787
-0.125068
0.775321
-0.507448
-0.045990
0.237763
0.048485
-0.116047
-0.241691
-0.008339
-0.047917
-0.085699
0.444621
0.480253
-0.397353
-0.179040
-0.010533
-0.016016
-0.101972
-0.006782
0.052096
0.093728
0.107817
-0.046830
-0.042804
0.555177
-0.083215
-0.046041
0.148491
-0.241049
-0.003372
-0.051434
-0.094563
-0.062542
-0.228460
-0.093835
-0.132764
-0.092038
-0.020266
0.287734
0.291673
0.339328
0.196965
0.092426
-0.102834
0.196425
0.146331
0.001393
0.078297
0.047535
-0.088489
0.169526
0.234155
-0.127166
0.005673
0.017089
0.033780
0.177192
0.214481
-0.016812
-0.144838
-0.107881
-0.115101
0.074779
-0.187117
0.112615
0.334168
0.136787
-0.001116
-0.068312
-0.256121
-0.117740
-0.158538
-0.115964
0.124720
0.443763
0.089320
-0.145060
-0.005617
-0.072251
0.204091
-0.073312
-0.139555
0.059976
-0.274358
0.553524
0.557698
0.855889
0.389182
0.556283
0.504975
0.067810
0.106278
0.092270
0.030276
0.078222
0.180842
0.244648
-0.042769
-0.041177
0.613338
0.295493
0.177999
0.268826
0.162818
0.021075
0.087109
-0.071285
0.037160
-0.075170
0.152781
0.180129
-0.064018
-0.185152
0.200690
0.274916
0.097857
0.067019
0.285356
0.036247
0.224787
0.145247
-0.065851
-0.096907
0.080295
0.029384
0.128287
0.044243
-0.166219
-0.089902
0.023717
0.216611
-0.003047
0.112117
0.073918
-0.413175
-0.416300
-0.129661
0.191082
0.037804
0.150314
0.012294
-0.002402
0.031839
-0.045140
0.157108
0.426691
-0.086985
0.028835
0.109792
0.224392
-0.208253
0.145926
-0.525286
0.175017
-0.382123
0.241461
0.113470
0.090559
-0.182597
0.375051
-0.069271
-0.053011
0.059551
-0.086588
0.073824
0.088144
-0.412145
-0.480205
0.116918
-0.305651
-0.022686
0.241163
0.247136
0.143478
0.678894
0.103887
0.067239
0.310386
0.122159
-0.143058
-0.218090
0.022552
-0.168640
-0.172876
0.123969
0.220473
-0.088409
0.014370
0.466058
0.478585
0.294764
-0.069007
0.462430
0.068989
-0.183879
0.072706
-0.098358
0.360070
-0.229558
-0.109238
0.160591
-0.209679
0.150438
-0.061926
-0.080888
0.037029
1.190980
-0.393496
-0.385382
-0.397465
0.047675
-0.098955
-0.026380
-0.077516
-0.065924
0.342136
-0.127340
0.075941
-0.136250
-0.004472
0.160624
0.267727
-0.115943
-0.048309
0.070634
-0.208400
-0.119067
0.051857
0.012088
-0.056486
-0.236883
0.140950
0.191371
-0.107201
0.237737
0.029338
-0.356130
0.307119
-0.323912
-0.135443
0.093929
-0.193226
-0.261105
-0.129725
-0.191022
-0.185838
0.031863
0.114982
-0.395776
0.113627
-0.080879
-0.100696
-0.171635
0.281805
-0.258192
0.059307
0.091052
-0.168919
-0.367862
-0.556366
0.062224
-0.023501
-0.033669
0.145424
0.025872
-0.632399
-0.025530
-0.190785
-0.179069
-0.022702
-0.039272
-0.503670
0.001063
0.407025
-0.117455
0.182951
0.172953
-0.586244
0.233980
0.066209
-0.136996
-0.040584
-0.093413
0.142200
0.266377
0.065296
0.006063
0.470155
-0.343210
-0.331140
-0.484363
-0.209326
0.112893
-0.111218
-0.039913
-0.066293
0.181589
-0.202869
-0.222750
0.089057
0.170786
0.236708
0.036504
0.026270
-0.017885
0.002775
-0.229295
0.002031
-0.192571
-0.168960
0.334226
0.324445
0.180182
-0.217843
0.048011
0.007852
-0.032693
-0.122625
0.136367
0.218168
-0.135051
-0.179592
-0.047296
0.097555
0.200461
0.361048
-0.135567
-0.092026
0.036501
-0.097170
0.223470
-0.127791
-0.226293
-0.400253
0.080539
0.064942
0.107716
0.138966
-0.027182
-0.064411
-0.116430
0.573784
0.165656
0.172699
-0.140319
-0.064209
0.284041
0.079122
0.022579
0.118602
-0.054624
-0.071429
-0.042418
-0.031754
-0.062164
0.497783
-0.010872
0.089213
-0.026626
0.034246
-0.059481
0.468573
0.055906
0.101215
0.071361
-0.238381
-0.403146
-0.021317
0.422449
0.202482
-0.520634
-0.263557
0.200283
0.261052
-0.134933
0.044169
0.098789
-0.337465
-0.058194
-0.080385
0.006431
0.130763
0.166610
0.125103
-0.077119
-0.103408
0.018205
-0.158182
-0.282811
0.034977
-0.018418
-0.316938
0.095403
0.116964
0.046681
-0.310689
-0.189273
-0.039202
-0.082767
-0.097388
-0.036523
0.133339
-0.093373
-0.503680
-0.284516
-0.220232
0.086820
0.011361
0.029322
0.064322
-0.044574
0.084771
0.095106
0.081201
-0.094398
-0.341268
0.228065
0.121760
0.028060
0.240400
-0.113393
-0.065954
0.105691
0.229102
0.213817
-0.167927
0.041118
-0.077819
0.101165
-0.103197
-0.142775
-0.282028
-0.040470
0.496856
0.134652
0.134924
0.220752
-0.012905
-0.042930
0.090071
-0.210403
0.234539
0.348449
-0.005370
-0.104937
-0.139603
-0.041719
-0.720176
-0.037221
-0.104028
-0.154167
-0.046357
-0.115685
-0.042003
0.318783
0.113839
0.015823
-0.170861
0.160216
0.001558
-0.066676
0.109192
0.130661
0.069989
0.062867
0.022547
-0.053856
0.368970
0.317660
-0.632440
0.216175
0.111225
-0.009654
-0.112856
0.027048
-0.062288
1.052211
-0.030335
0.061124
-0.036614
-0.119253
0.032440
0.019808
-0.339171
-0.065179
0.289698
0.117792
0.039589
0.100292
-0.190270
0.030196
0.027663
-0.010422
-0.342089
0.008806
0.301780
-0.753221
-0.028639
-0.034362
-0.154192
-0.079890
-0.094087
0.363780
-0.060129
-0.257125
-0.053640
0.013812
-0.064542
-0.111937
0.061726
0.148708
0.059726
0.037216
0.019272
-0.102101
0.030765
0.146469
-0.010978
-0.243492
-0.045891
0.099053
-0.046191
-0.044191
-0.053731
0.004247
-0.153201
0.084390
0.187502
0.008359
0.272911
-0.113174
-0.248693
0.090404
-0.040148
0.059776
0.148816
0.269236
0.080895
0.028577
0.044095
-0.104495
0.014979
0.003016
-0.688592
-0.161203
-0.005559
-0.028625
-0.204521
-0.100317
-0.071832
0.152375
-0.129480
-0.108481
-0.058293
0.102767
-0.165818
0.057695
0.202773
0.288833
-0.067060
-0.068033
-0.060624
0.115632
0.003281
0.043071
-0.186308
-0.194555
0.189265
-0.289481
-0.332731
-0.099078
0.070251
0.380944
-0.016107
-0.063868
-0.093284
0.277561
0.005561
0.073172
0.125426
0.146851
-0.305853
0.018942
-0.582640
-0.049661
-0.035719
-0.054665
-0.199488
0.098161
0.170367
0.052388
0.116132
0.315471
0.057577
-0.059016
0.500648
0.243380
0.100937
-0.192665
0.043688
0.285828
0.418182
0.096147
-0.073811
0.049155
0.143781
-0.022844
0.175507
0.929574
0.201022
0.129368
0.141491
0.084440
-0.388709
0.062851
0.132733
-0.489834
-0.017621
-0.018841
-0.028786
0.027766
-0.133160
0.032630
0.024642
-0.142596
-0.277458
-0.191601
-0.050484
0.212162
0.412044
-0.035748
-0.488791
0.071061
0.218572
0.131269
0.087437
0.186518
0.076120
-0.105432
0.009044
-0.678293
-0.629213
0.240331
-0.075922
-0.208699
0.081879
-0.123931
-0.283745
-0.038782
0.041510
-0.024832
-0.295742
-0.403925
0.022227
-0.091906
-0.164320
-0.224122
-0.121514
-0.150571
-0.069359
-0.438650
-0.235221
-0.312033
0.041534
0.158816
-0.033934
-0.047652
-0.295079
-0.067028
-0.187829
-0.076158
-0.094495
0.070035
-0.082856
-0.091138
-0.168375
0.125732
-0.108693
0.141755
-0.108876
-0.142614
-0.285145
-0.199187
-0.064215
0.126490
0.008134
-0.328694
-0.242508
0.130295
0.172540
0.173216
-0.094166
-0.098567
-0.027003
-0.034966
0.127258
0.042013
0.119570
-0.013859
0.362726
0.000092
-0.182316
0.164698
0.109054
-0.178165
-0.147018
-0.297223
0.302480
0.143591
0.055767
0.171619
0.102835
0.115277
0.206271
0.152736
0.153843
0.063250
0.032603
0.372002
-0.048018
0.023421
-0.091946
0.465222
0.226594
-0.168136
-0.170955
-0.165475
0.005000
-0.113446
-0.201121
-0.051806
0.000122
0.129385
-0.002491
-0.025289
0.003490
-0.017734
-0.242718
0.017110
0.012360
-0.103280
0.001621
0.100955
-0.094033
0.033078
0.032645
0.997277
0.934903
-0.073216
0.099285
0.304494
0.069561
0.085766
-0.172331
-0.105006
-0.058448
-0.137587
-0.133575
-0.116021
0.069875
-0.031945
0.168410
-0.155595
0.231076
0.165505
-0.302957
0.026709
-0.050742
0.041828
0.028806
-0.197787
0.133949
0.469756
-0.527106
-0.165295
-0.142603
0.017955
-0.044941
-0.211244
0.143085
-0.075123
0.504329
-0.151897
-0.273265
-0.313624
-0.038151
0.176749
0.142418
0.041766
0.219227
0.066110
0.079038
-1.067036
0.109903
-0.718207
-0.639928
-0.609724
0.106796
-0.117296
0.010272
-0.246482
-0.158929
-0.178458
-0.060938
-0.110988
-0.013784
-0.028346
0.404801
0.250566
0.425110
0.531859
-0.027520
-0.088594
0.091300
-0.467364
-0.363076
-0.181167
-0.076694
0.316115
-0.027807
-0.725222
-0.079313
-0.088579
-0.128404
0.092956
0.126957
0.111714
0.280400
0.222988
-0.197888
-0.264304
0.188202
0.050817
-0.099671
0.136784
0.086238
-0.084162
-0.181895
-0.164803
-0.054926
0.015954
-0.139232
0.094250
-0.004691
0.168526
0.083791
-0.106273
-0.329686
0.020424
-0.148628
-0.189386
0.035073
0.087412
-0.033920
-0.065895
-0.337629
-0.304308
-0.434593
-0.131632
0.016032
0.361161
0.066721
-0.002159
-0.529751
-0.556833
0.877573
0.661424
0.015703
0.186804
0.061278
-0.209378
-0.148020
-0.299840
0.150017
-0.293032
0.090043
-0.313935
-0.152511
0.014366
0.223778
0.274810
0.209943
-0.018821
0.107132
0.189619
0.208501
0.258270
0.118869
-0.279797
-0.035320
0.275538
0.199880
-0.390097
-0.131830
-0.132266
-0.499002
-0.067000
-0.069555
-0.063085
-0.021552
-0.133527
-0.047511
-0.115076
-0.015035
0.093512
-0.142033
-0.067768
-0.019697
-0.085366
0.142349
0.067019
0.162083
-0.166514
0.367730
-0.111361
-0.202364
0.231117
-0.013115
0.057515
0.033198
-0.031045
0.176152
-0.021505
0.069286
-0.064854
-0.181582
-0.355483
-0.282966
-0.115242
-0.019367
-0.495890
0.598435
0.068364
0.036866
-0.386104
0.599498
0.293584
-0.220819
-0.043422
0.204634
-0.738404
0.057246
0.005273
-0.070420
-0.493164
-0.021661
-0.144783
-0.466653
-0.640767
-0.100153
-0.276591
-0.046974
0.015430
-0.075852
-0.066724
-0.240462
0.092081
-0.082557
0.135814
-0.050953
-0.251468
-0.544027
-0.554838
-0.077621
0.070814
-0.002083
-0.070212
-0.109457
0.192526
-0.080231
0.103285
0.079695
0.048245
-0.188640
0.105474
-0.398090
-0.297344
-0.017569
-0.036392
0.017451
-0.173022
0.144141
0.581090
0.194658
0.008072
-0.056160
0.010408
0.062040
0.193597
0.390330
-0.098687
0.156341
0.028392
-0.243805
0.194570
0.018579
0.037378
-0.104508
-0.090684
-0.041732
0.147289
0.275197
-0.161072
0.010277
0.117174
-0.085116
-0.327482
-0.064236
-0.133478
0.003691
-0.076944
0.095302
-0.029072
-0.236118
-0.145648
-0.466698
0.039216
-0.040771
0.252940
-0.092146
-0.485969
0.152132
-0.440556
0.003792
-0.280666
-0.129103
-0.043671
0.081049
-0.329724
-0.040237
-0.120237
-0.043782
-0.069375
-0.058561
-0.006026
0.155275
-0.413229
0.451506
0.076644
0.221192
0.356746
0.046681
-0.084269
-0.009061
-0.089616
-0.017618
-0.125683
-0.001051
-0.183308
-0.000542
-0.085785
-0.032577
0.046681
-0.224257
-0.168144
-0.027477
0.219581
-0.216720
-0.309567
-0.170237
-0.316623
-0.107071
-0.452349
0.042676
-0.016134
-0.048625
-0.193252
0.376909
0.073001
0.086042
0.137143
-0.010705
0.517017
-0.206022
-0.156803
0.030422
0.253783
0.198057
0.172687
0.077908
0.023697
-0.656091
-0.389048
-0.094215
0.227884
-0.048750
-0.123373
0.000144
0.225895
0.046002
0.027433
0.141331
-0.156676
-0.256120
0.133910
-0.274176
-0.066809
-0.054829
-0.808844
0.163269
0.188878
0.074092
0.192336
-0.052854
-0.048282
0.050226
0.114627
-0.011189
0.164957
0.325895
0.222630
0.206381
0.152616
-0.015467
-0.063339
-0.440441
-0.340585
-0.033177
-0.573907
0.227643
-0.103993
-0.112681
-0.013837
0.021490
-0.100991
-0.004135
-0.051062
-0.001616
0.040644
0.226866
-0.017073
-0.360212
0.135954
-0.769717
0.612743
0.119132
0.099575
0.271249
0.271529
-0.112290
0.073221
-0.287452
-0.233879
-0.126281
-0.188045
-0.027088
-0.107296
-0.117541
-0.108221
1.170125
-0.115253
-0.041535
0.047620
0.034695
0.155040
0.106738
0.047444
-0.187584
0.238530
-0.087132
0.476440
-0.051626
-0.357643
-0.009258
-0.142013
-0.062634
-0.098563
-0.081331
0.155694
0.279657
0.034867
-0.043797
-0.051048
-0.146281
0.239304
-0.078041
0.350668
-0.032869
0.048095
-0.155055
-0.121454
-0.093180
-0.065137
0.152643
-0.016371
0.337898
-0.307510
0.000473
-0.007477
0.555887
0.581049
0.121449
0.007829
0.107713
-0.017401
-0.242934
-0.008650
0.321903
0.497987
0.587676
0.285030
0.137413
0.109224
0.146129
-0.369494
0.214172
-0.002100
0.172450
-0.012905
-0.190635
0.178366
-0.624573
0.210372
-0.009716
-0.038446
0.460133
0.053183
-0.288462
-0.278850
-0.166881
-0.033250
0.122401
-0.231325
-0.207878
-0.141502
-0.617179
-0.620351
0.034995
-0.144717
-0.088452
-0.424760
0.087956
0.120301
-0.057919
0.187390
0.087347
-0.326415
0.187308
-0.063480
0.254328
0.075239
0.348868
-0.056664
0.058147
0.148554
-0.556460
0.142252
0.132130
-0.242239
0.191972
-0.059278
-0.091622
-0.111826
-0.569685
0.184429
-0.256778
-0.071793
-0.058386
-0.037851
0.133371
0.007378
-0.046489
0.285482
-0.178825
0.112199
0.085373
-0.027789
-0.129411
-0.081417
0.354199
0.080236
0.039986
0.184721
0.376146
-0.333627
-0.127726
-0.159174
-0.294132
-0.423939
0.409163
0.440631
0.019747
-0.011969
-0.051077
-0.161223
0.095966
-0.335573
-0.356148
-0.172163
-0.057233
0.299187
-0.125024
-0.155701
0.122160
0.112268
-0.473211
-0.196129
0.271114
-0.045389
-0.237077
-0.455297
-0.071718
-0.005053
-0.046636
-0.006794
-0.218980
-0.211161
0.099282
-0.257612
0.274562
0.228746
-0.208305
0.029967
0.124587
-0.134815
-0.133357
0.068400
0.274516
-0.212686
0.040300
-0.116278
-0.164092
0.051455
-0.037413
0.827846
-0.029545
0.004571
-0.614008
-0.159944
0.114238
0.158284
0.352766
0.240402
0.135632
-0.367992
-0.283133
0.111240
0.093083
-0.099447
0.060496
0.081763
0.227417
0.072263
0.275160
0.190556
0.298273
-0.144753
0.134964
0.217152
0.286205
0.296709
0.312909
0.255696
0.227553
0.321553
0.041773
-0.042798
0.016254
0.049589
0.157536
0.190819
0.259834
-0.182627
0.155450
0.146471
0.012193
0.007390
-0.081803
-0.034829
0.022721
0.248466
0.137202
0.161951
-0.051580
0.070121
0.425533
-0.018277
0.075042
-0.014698
0.098556
0.132020
0.247298
0.261327
-0.181162
-0.163100
-0.528661
-0.014965
0.392050
0.768049
0.078000
-0.028599
0.010097
-0.049499
-0.011234
0.012110
0.058186
0.141023
0.289587
-0.011441
0.195152
0.066303
-0.004654
-0.021716
0.305060
0.196026
-0.097099
-0.600037
0.169708
0.115541
-0.154683
0.009697
0.191394
-0.013626
0.148611
0.054929
-0.085333
0.170245
-0.019978
0.011245
-0.102871
-0.109827
-0.061659
-0.122299
-0.180225
0.071347
-0.061875
-0.005259
-0.165965
0.220529
0.268792
0.382663
0.067808
-0.452785
-0.059088
-0.037036
0.090119
0.282693
0.028789
-0.275822
0.151298
0.275423
-0.087306
0.291455
0.046681
-0.104862
-0.217241
-0.120982
0.310914
-0.167529
0.030841
0.150935
-0.018204
-0.063213
-0.265095
-0.128652
-0.228088
-0.492874
0.076477
-0.024349
0.159998
-0.014141
-0.196140
0.178444
0.303496
0.059633
0.108038
-0.229650
-0.152598
0.194763
0.280128
0.387964
0.273641
0.295943
0.053482
0.048385
0.066049
-0.163318
-0.071690
0.018270
-0.018101
-0.256900
0.277841
-0.254349
0.442347
0.004513
-0.030051
0.220273
-0.011479
-0.199606
-0.184504
0.083868
0.141073
-0.135388
0.155825
0.042670
-0.107612
0.046404
-0.025796
-0.150793
-0.014794
0.115630
-0.247472
-0.313775
-0.281234
0.166412
0.080463
-0.387191
-0.311576
0.198177
0.060592
-0.054268
0.024437
-0.019369
-0.091347
0.436318
-0.321694
-0.052497
-0.302476
-0.240053
-0.133344
-0.067409
0.355438
-0.215560
-0.149406
-0.089184
-0.032191
-0.075109
-0.129326
0.153987
-0.062771
-0.121585
0.371623
-0.118792
-0.128588
-0.028250
0.017091
0.027795
0.033452
-0.127123
0.732023
0.037752
0.473375
-0.025223
0.366384
-0.127352
-0.115119
-0.135464
0.277476
0.285340
0.055422
0.176198
0.004640
-0.289753
-0.512930
0.261706
0.352258
0.032161
0.055754
0.058168
-0.096388
0.393664
-0.005573
-0.033237
-0.108986
-0.306985
0.087327
-0.030661
0.177478
0.453248
-0.083341
0.191446
-0.150544
0.039762
-0.109825
0.044138
0.113234
0.189190
-0.080795
-0.156545
-0.025687
-0.011745
-0.234891
0.067106
-0.113389
0.439067
-0.193472
-0.004393
0.190674
-0.578252
0.225917
0.714935
0.212678
-0.003514
-0.347575
0.079253
-0.069179
0.045199
-0.208004
-0.088068
0.653853
-0.019832
-0.238893
0.634669
0.521014
0.070663
-0.010795
-0.153857
0.206722
-0.098553
-0.028645
0.097959
-0.243988
-0.106762
-0.195952
-0.050759
0.023002
-0.330219
-0.088810
0.172837
-0.306391
-0.091087
0.046030
0.026477
0.140937
0.042564
0.239287
-0.102953
-0.017879
-0.105759
0.081140
0.105070
-0.323608
-0.096312
-0.292333
-0.120475
0.234603
0.190702
0.031370
-0.078574
-0.209193
-0.036560
-0.040511
0.216420
-0.056677
-0.211047
-0.092986
0.247599
0.085126
0.815914
0.119856
0.049442
0.275177
-0.293456
0.255343
-0.167111
0.442537
-0.151177
0.126500
-0.022800
-0.084174
-0.049690
-0.064642
-0.279799
-0.010022
0.403653
-0.099948
-0.578228
-0.013569
-0.071499
0.116727
0.403418
-0.050836
0.011416
0.261117
0.132407
0.099957
0.096929
-0.502040
0.152977
0.150336
0.082762
0.274672
0.133596
0.058652
0.008585
-0.312414
-0.230195
0.285759
0.299652
-0.402379
0.068827
-0.135035
-0.148122
0.016673
-0.052582
-0.307219
-0.149883
0.357453
0.020490
-0.099215
-0.228258
-0.109503
-0.150685
-0.033161
-0.171268
0.348577
-0.074126
0.260587
0.030290
-0.099610
-0.125028
-0.218106
-0.291945
0.346410
-0.160221
0.262082
0.060311
-0.071569
0.118309
0.254900
-0.259126
0.230448
-0.100814
0.001176
-0.073703
-0.071579
-0.028427
0.064960
-0.054458
-0.058328
-0.074772
-0.528782
-0.247840
-0.066240
-0.031583
-0.417043
-0.055223
0.197426
-0.021358
0.061903
-0.389445
-0.200857
0.073604
0.135535
0.103139
-0.369224
0.221384
0.051008
-0.094024
-0.271088
-0.030203
-0.118784
-0.054614
-0.027158
0.191746
-0.214055
-0.893938
0.087011
-0.222588
-0.298515
-0.181023
-0.305784
0.154635
-0.067427
0.188825
0.021387
-0.133181
-0.359230
-0.076624
0.066178
-0.087139
-0.068474
-0.313638
0.091439
0.026968
0.015543
0.111253
0.245776
0.328084
0.291165
-0.112110
-0.028908
0.018061
0.115875
0.016536
-0.211885
-0.038945
-0.139315
0.212953
-0.399105
0.109832
0.032450
-0.139568
-0.118887
0.045159
0.135262
0.105671
-0.028741
0.058362
0.043856
0.121540
0.084839
0.182524
-0.023396
0.065440
0.258341
0.140252
-0.046416
-0.268019
-0.253389
-0.183533
0.005825
-0.005412
0.123375
-0.178726
-0.083574
-0.020087
0.077475
0.006651
0.002602
0.031394
0.043178
0.090805
0.201439
0.047884
-0.619855
-0.607550
-0.548346
-0.166880
-0.014514
-0.068237
0.176924
-0.427375
0.104584
-0.516317
-0.158569
-0.067175
0.285121
-0.260184
-0.409650
-0.366234
-0.167776
-0.100967
-0.062219
-0.119125
0.262369
-0.229625
0.520546
0.113053
0.001585
0.021722
0.076090
0.171979
0.107748
0.339572
0.319388
-0.202488
-0.096240
-0.397911
0.046085
-0.065691
-0.430740
0.019013
-0.286779
-0.044510
-0.122253
0.129734
0.591054
0.012917
0.380126
-0.031848
0.160602
-0.109966
-0.026173
-0.169567
-0.388843
-0.009717
-0.071047
-0.352737
-0.305237
-0.039294
0.504378
0.468632
-0.078292
-0.538871
-0.140037
-0.236319
-0.080176
-0.005155
-0.185815
0.092531
0.358614
0.074376
-0.008643
0.038350
0.150442
-0.122849
-0.353373
-0.028948
-0.210674
-0.143783
-0.072212
0.022637
0.000745
-0.130974
-0.047484
-0.320252
1.259326
-0.216220
-0.276868
-0.038203
0.043776
0.277617
-0.418811
-0.075122
0.387913
0.084340
0.119829
-0.046422
0.024172
0.611892
0.197123
-0.272889
0.004093
-0.052786
-0.583504
-0.000357
-0.303326
-0.096141
0.149386
0.157500
0.271464
-0.210549
-0.014427
-0.223385
-0.129018
0.092242
-0.287633
0.165828
-0.502607
-0.649718
-0.127644
-0.185327
-0.702525
0.085833
0.253694
0.384447
-0.152954
0.312526
-0.165963
-0.223757
0.154277
0.205410
0.181104
0.137459
-0.021815
0.065752
-0.263238
-0.039422
0.076335
0.384975
0.995501
-0.050007
-0.153523
-0.161595
0.142596
0.137683
0.363269
0.312228
-0.091854
-0.079945
0.343280
-0.145125
-0.241898
-0.580872
0.132858
0.060296
0.038550
-0.368940
-0.005112
0.029137
0.389898
-0.371075
0.189806
0.056900
-0.018469
-0.316588
-0.012978
0.092800
-0.166374
0.339571
0.104294
-0.113940
-0.051539
-0.255769
0.031761
0.248355
-0.077155
0.276442
0.379011
0.022108
-0.189055
0.028130
0.129508
0.231561
0.007484
-0.107368
-0.035803
-0.032261
-0.003166
-0.068357
0.065375
-0.152581
-0.358471
0.013404
0.204261
0.081601
-0.151057
0.160391
-0.017940
-0.342413
0.007197
0.018915
0.071234
0.105494
0.110307
0.049874
0.235229
0.390288
0.282817
0.213814
0.252769
0.035466
-0.059276
0.297422
0.186530
0.023822
0.162265
0.297737
-0.117391
-0.346838
0.238516
0.247834
0.068334
-0.024068
0.019631
-0.108834
-0.206189
0.271633
0.000324
0.060023
-0.191915
-0.148213
-0.019682
-0.312219
0.325105
0.234405
0.007521
-0.117445
-0.220985
-0.135163
-0.253587
-0.140107
0.048880
-0.037524
0.044221
-0.482625
-0.343952
-0.098421
0.168506
0.028288
-0.178760
0.029998
-0.258707
0.192891
0.321947
-0.156204
0.615477
-0.219735
-0.028570
-0.117901
-0.028279
-0.043872
-0.089170
-0.022035
0.101038
0.238687
-0.046148
-0.018821
-0.015703
-0.010815
0.147537
-0.004126
0.070035
0.111415
0.082302
-0.032335
-0.124572
-0.193489
-0.068743
-0.064971
0.259436
0.065632
0.040198
-0.008631
0.393049
-0.019731
-0.119969
-0.105045
-0.175033
-0.164744
-0.019258
-0.278639
-0.055797
-0.391404
-0.083028
-0.034965
0.106409
-0.301548
0.042712
-0.052124
-0.235268
-0.234271
0.096870
-0.228596
-0.054188
-0.233911
0.040595
0.008473
0.019059
-0.106045
0.006110
0.146335
-0.011186
-0.063921
-0.128213
0.003783
-0.534728
0.000844
-0.064231
-0.057034
-0.211485
-0.532766
-0.063694
-0.102629
-0.279016
-0.321296
-0.074458
-0.392426
-0.109031
-0.285027
-0.226494
0.028507
0.040749
-0.082153
0.060086
-0.045399
-0.450377
-0.268444
-0.031374
-0.230224
-0.047324
-0.119157
-0.144864
-0.174956
0.116110
-0.126140
-0.002053
-0.047648
0.029863
-0.260001
0.035704
-0.150950
-0.094035
-0.221349
-0.246307
-0.059027
0.117056
0.268052
-0.235707
0.079665
0.122603
-0.048765
-0.422163
-0.001624
-0.137757
0.081477
0.245387
0.209156
-0.059123
-0.162512
-0.615072
0.189875
0.153567
-0.083356
-0.404865
-0.211946
-0.721102
0.380773
-0.062770
-0.049667
-0.149037
-0.119310
0.114167
0.009408
-0.252011
0.040585
-0.137790
-0.087372
0.103714
-0.025902
0.017246
-0.063245
0.224170
-0.111466
0.180804
-0.105133
-0.055351
-0.160000
-0.577658
0.012114
0.469036
-0.129944
-0.271490
-0.183623
-0.240027
-0.165337
0.031256
-0.035648
0.334770
0.418462
0.307013
0.071558
0.577635
-0.034136
-0.326673
-0.015391
0.044646
0.171017
0.374930
0.101818
0.158043
-0.074890
0.313066
0.244400
-0.197546
0.004356
-0.431074
-0.284479
-0.077716
-0.016740
-0.279173
-0.518849
-0.110623
-0.072937
0.161944
0.764636
-0.033164
0.001299
0.008385
0.011889
-0.030609
-0.052170
-0.131773
0.293134
-0.004974
-0.078079
0.055049
0.147944
-0.126464
0.311682
0.169145
-0.183014
0.305550
0.330145
-0.313248
-0.152043
-0.129727
0.008694
0.029781
-0.017878
-0.078258
0.079994
-0.124038
-0.533464
0.123767
0.089286
0.062948
-0.024063
-0.363109
-0.252841
0.097268
0.160070
-0.417984
0.244003
-0.084761
-0.238505
-0.256890
-0.017302
-0.006733
-0.110853
0.324091
-0.505779
-0.343783
-0.300996
0.605950
-0.269224
0.694566
0.362799
-0.295020
0.124714
-0.012479
-0.186550
0.389996
-0.115134
0.156961
0.122667
0.097634
0.013727
-0.057914
0.066629
-0.021636
0.157197
0.006783
-0.081915
-0.128995
-0.292665
-0.095103
0.160624
0.296004
-0.118972
0.317837
-0.129411
-0.143132
-0.122087
0.086257
0.223286
-0.166632
0.168565
-0.157820
-0.514908
-0.183962
-0.190848
0.162689
-0.115053
-0.158966
-0.101638
0.048324
-0.110300
-0.216507
0.054738
0.349561
-0.072625
-0.066904
0.047791
-0.002047
0.107667
-0.009333
-0.136571
0.028797
-0.077884
0.016836
-0.117546
0.017803
-0.141772
0.154993
-0.346899
0.087860
-0.312298
-0.000523
0.006386
-0.148379
-0.103887
0.328261
0.531913
-0.320293
-0.345989
0.058745
-0.070846
0.267982
-0.033213
0.454201
0.176902
-0.211749
-0.376077
-0.065792
0.248477
0.208997
0.413193
-0.023046
-0.040394
-0.073926
-0.027579
-0.100176
-0.121093
-0.074179
-0.102573
0.049464
0.058902
0.048639
-0.149245
0.003575
0.019311
-0.115076
-0.120301
-0.071818
0.054354
0.206740
-0.090360
-0.287760
-0.057970
0.326898
-0.641732
-0.508848
-0.125601
-0.149831
-0.049295
0.030346
-0.090157
-0.145026
0.011631
0.273758
0.170541
-0.025759
-0.027665
-0.224238
0.095783
-0.048500
0.085745
0.084981
-0.014988
0.032597
0.431431
-0.454655
-0.003351
-0.201995
-0.181230
-0.155489
-0.002043
-0.195775
0.047138
0.167948
0.105806
0.237135
0.280764
-0.179185
-0.041690
-0.017596
-0.174743
-0.051518
0.022698
-0.328043
-0.049731
-0.186530
-0.264851
-0.161859
0.033641
0.374297
0.025428
-0.144891
0.025336
-0.045350
0.433029
-0.047409
0.435577
0.149956
0.021909
-0.003825
0.327106
0.048937
-0.160417
-0.005522
0.040366
0.280764
0.327050
-0.340919
0.245048
0.196195
0.872313
-0.156123
-0.041038
0.003327
0.010348
0.238962
-0.101365
0.246392
0.317162
-0.017456
-0.198280
0.055020
-0.280880
0.189825
0.490526
-0.010790
-0.069375
-0.197832
0.083390
0.164503
-0.172827
-0.123590
0.278289
-0.356629
-0.025123
0.141574
0.085036
0.377216
-0.207969
-0.115870
-0.298341
0.102884
0.164980
0.244486
0.242342
0.028485
0.099069
-0.201281
-0.264740
-0.176293
-0.161530
-0.099307
-0.050925
-0.033442
-0.070786
0.215241
0.128703
0.552927
-0.579914
0.137134
0.268104
-0.073314
-0.315216
-0.146855
-0.200534
0.009262
-0.062309
-0.196679
0.182796
0.025838
-0.066794
0.036332
0.060921
0.148893
0.018884
0.415629
0.048786
-0.311824
-0.167822
-0.057271
-0.033538
0.063669
0.260967
0.174608
-0.075069
-0.183182
-0.660890
-0.495758
-0.628065
-0.507624
-0.251922
-0.067979
-0.212093
-0.234170
0.225958
-0.007836
-0.011994
0.067538
0.071732
-0.208086
-0.211055
-0.041580
0.311026
-0.034535
-0.147740
0.617580
0.489427
0.329130
-0.099408
-0.122567
0.296186
-0.006256
-0.179706
0.016850
-0.315555
0.112383
0.012357
0.083886
-0.025452
-0.047426
-0.126869
-0.012381
-0.065954
-0.059414
0.016413
0.038321
0.019230
0.034335
-0.003867
0.085549
-0.016451
0.239868
0.007681
0.004583
-0.287678
-0.106056
0.000811
-0.005094
0.032309
0.161078
-0.029505
0.482431
0.275137
0.034798
0.034359
0.067074
-0.131914
-0.036132
-0.097871
-0.025970
-0.056845
0.420064
-0.473275
0.433429
-0.267679
-0.131218
-0.297978
-0.195721
0.204064
0.293422
0.021226
0.019507
-0.138031
0.028730
0.340767
0.226165
-0.078258
-0.146116
-0.014969
-0.072929
0.112221
-0.097894
-0.030242
-0.428583
-0.274921
0.026576
0.091390
0.049013
0.074361
-0.632334
-0.465165
0.157399
-0.205490
-0.044030
-0.024367
-0.136250
-0.663802
-0.078587
-0.107652
-0.602596
-0.702171
0.208163
-0.449975
0.081913
-0.088429
0.193140
0.186125
0.231260
-0.016652
0.027077
0.399435
0.218647
-0.065773
-0.003813
-0.008629
-0.046840
0.110924
-0.186106
-0.102365
-0.157825
-0.114220
0.134033
0.052253
-0.031948
0.020290
0.280637
-0.019152
0.210719
-0.351861
-0.133494
-0.132664
-0.194072
-0.148578
-0.255038
-0.397275
0.165222
0.056226
-0.490696
-0.187516
0.113700
0.506210
1.205554
0.075597
0.198352
-0.001355
-0.231773
-0.228932
-0.021032
-0.386095
-0.146978
-0.220058
-0.251883
0.260221
-0.035767
-0.093770
-0.029354
-0.012905
0.109580
0.440143
-0.327482
-0.086668
-0.037019
-0.019507
0.209097
0.302941
1.138798
-0.004398
0.258659
-0.165007
-0.084907
-0.042549
-0.141215
0.071584
0.017856
-0.060808
-0.884721
-0.162648
0.128351
-0.346293
-0.511110
0.053800
0.175999
0.001958
-0.066680
0.043367
0.088281
0.091560
0.154211
0.138209
-0.097345
-0.066981
0.235589
-0.057732
-0.084499
0.011669
-0.067294
-0.510880
-0.030974
0.121871
0.235467
-0.006711
0.253140
0.202731
0.135945
-0.194999
0.003801
0.081762
-0.003902
0.388413
0.006913
0.192980
0.153636
0.175904
-0.090469
-0.139520
0.295450
-0.040508
0.205968
0.316969
0.290296
0.072534
-0.168356
-0.190128
-0.030732
0.061294
-0.001180
-0.095487
-0.157149
-0.149477
-0.012690
0.012291
-0.026149
0.155835
-0.251290
0.117007
0.071758
0.064559
0.317719
0.364970
0.103821
-0.081027
-0.306089
-0.170852
0.098507
0.152445
-0.222617
-0.012666
0.008801
0.061249
0.155020
-0.023117
-0.072160
-0.176369
0.039512
-0.057921
0.110061
-0.019907
-0.067793
-0.027140
-0.095882
-0.234466
0.292924
-0.164921
-0.339224
-0.355476
-0.531774
-0.010991
0.064304
0.009484
-0.066129
-0.111819
-0.230820
-0.175853
-0.288329
-0.567757
0.118075
-0.346005
-0.389236
-0.059418
0.009017
-0.038689
-0.292272
-0.060695
-0.058980
-0.071722
0.005103
-0.121376
0.029983
-0.345563
-0.080478
-0.383859
0.127980
-0.059423
0.116491
-0.114713
0.748825
-0.055894
0.313270
-0.070522
-0.180879
0.271947
-0.082436
-0.194565
0.462659
0.470879
1.379529
0.331093
0.215605
0.416816
0.135576
-0.315263
0.209522
0.176423
0.230712
-0.001624
-0.721973
-0.027170
0.022051
0.013276
0.165290
-0.155970
-0.159596
0.056252
0.054044
0.064196
-0.006106
-0.307412
-0.268937
-0.068498
0.025163
-0.200906
0.335379
-0.047725
-0.234618
-0.052914
0.071676
0.188742
0.092004
0.255236
0.122673
0.215556
-0.009990
0.101328
-0.008733
0.176717
-0.041922
0.070109
-0.032161
0.216965
-0.018092
-0.027730
-0.070070
-0.111364
-0.229691
0.067090
-0.079825
-0.120040
-0.236740
-0.067956
-0.085510
-0.148744
0.253427
0.120886
-0.124342
-0.011248
0.077568
0.082991
0.166758
0.105285
0.076011
0.234882
0.059993
0.143378
0.111194
-0.015314
0.042586
-0.062282
-0.116673
0.327261
-0.010379
0.155748
0.053167
-0.494242
0.275953
0.325280
0.285831
-0.061280
-0.029950
-0.049682
-0.143220
-0.003407
0.039728
0.565252
0.489455
-0.189052
-0.201791
-0.176626
-0.030485
0.004354
-0.018862
0.005463
-0.111934
0.139622
-0.001939
-0.485512
-0.158976
0.035844
0.236628
-0.164118
-0.147685
-0.217584
0.071105
-0.006204
-0.116199
0.083280
-0.058707
-0.133353
-0.093756
0.053789
-0.199818
-0.076213
-0.054181
-0.097593
-0.177064
-0.083851
0.430979
0.069769
-0.169577
-0.092697
-0.274772
-0.196212
-0.301811
-0.091931
-0.089442
-0.287484
0.064487
0.064855
0.101873
0.012501
0.057962
0.006886
-0.031944
-0.030784
-0.287231
-0.214482
-0.087673
0.192840
-0.007502
-0.082953
0.034348
-0.265571
0.562822
-0.128519
0.077802
-0.142398
-0.033847
-0.019009
-0.233384
0.080760
-0.360194
-0.373693
-0.476130
-0.490049
-0.044227
0.011274
-0.059133
0.042814
0.029431
0.443647
0.588330
-0.252050
0.012657
-0.037110
0.636134
1.088970
-0.121331
-0.016036
-0.232473
-0.228542
0.065056
-0.321250
-0.152703
-0.062791
-0.021081
0.248030
0.202700
-0.003331
0.279209
-0.100014
-0.090773
0.016590
-0.079242
-0.061729
0.033538
0.009659
0.113751
0.233672
-0.499159
0.196425
0.048202
-0.083847
-0.001795
0.011548
-0.107254
0.031152
0.095083
-0.142506
-0.237099
-0.119349
-0.116610
-0.312465
-0.360086
-0.145684
0.150000
-0.132035
0.038685
-0.013421
0.159158
0.096106
0.067428
0.121314
-0.036685
-0.083240
0.111101
0.147065
0.463297
0.296494
0.241775
0.234373
0.267981
0.151939
-0.213869
-0.039737
-0.002761
0.066542
0.133636
-0.052620
-0.096881
-0.143376
-0.009340
0.053452
-0.535871
0.180893
0.123532
-0.140606
-0.177658
-0.025284
-0.114633
-0.091953
0.012613
-0.243000
-0.157202
-0.174521
-0.078520
-0.003355
-0.017553
-0.198659
-0.016683
-0.036493
-0.089156
-0.069733
-0.010902
-0.079643
-0.098056
0.037958
0.094260
-0.128830
-0.215402
0.052975
-0.400984
0.195467
0.298800
0.003313
0.157664
-0.001049
0.263259
-0.119455
-0.319619
0.247900
-0.406606
0.058347
0.036747
-0.106362
-0.155237
-0.088527
0.119650
0.323112
0.496634
0.061188
0.163135
-0.213867
0.001919
-0.071826
0.017906
0.227772
0.096620
0.214147
0.095326
-0.042063
-0.295401
-0.103755
0.162994
-0.107956
-0.446155
0.039214
0.147981
0.158418
0.062354
0.294432
-0.123170
-0.173007
-0.450858
-0.268178
-0.088669
0.010279
-0.093384
0.349581
0.319888
0.230469
-0.095818
-0.223139
-0.464486
0.153395
-0.119379
0.040582
-0.284625
-0.060624
-0.089971
-0.031436
-0.045090
-0.214186
-0.038378
-0.177385
0.010990
0.105056
0.007257
-0.051322
0.060469
0.057625
-0.020910
-0.054083
0.400572
0.042342
0.269524
-0.040130
0.085934
-0.042524
0.013620
-0.117997
0.015502
-0.073804
-0.087095
0.172861
0.002282
-0.176216
0.156854
-0.068675
-0.232578
-0.025083
0.604604
0.408968
0.215858
-0.086599
-0.069346
0.169705
0.010052
-0.141573
-0.106110
-0.171553
0.310671
0.140084
0.229455
