-0.203637
0.365730
-0.006391
-0.144373
-0.067659
-0.561197
0.070524
0.117872
-0.109774
0.453625
0.639311
0.285115
-0.181971
-0.052801
-0.023892
-0.307966
-0.619854
-0.454149
-0.568544
-0.175089
-0.049766
0.027136
-0.542877
-0.107725
-0.826700
-0.171975
0.075264
-0.486665
-0.582129
-0.095595
1.392056
-0.088630
-0.083535
-0.031637
0.210917
-0.090465
0.054059
-0.694282
0.259020
0.119593
-0.056455
-0.247389
0.064698
0.168200
-0.017330
-0.234251
-0.015200
0.073650
-0.523452
-0.381288
-0.607071
-0.027458
-0.702517
-0.074648
-0.743388
-0.294002
-0.258617
0.240765
0.132332
0.001109
0.006433
0.016767
-0.108411
-0.102255
0.023258
-0.422601
0.431182
0.445927
-0.038640
-0.058592
-0.021367
0.013618
1.007920
-0.004251
-0.081394
-0.528326
-0.250312
-0.058545
0.146893
-0.063518
-0.349504
0.074293
0.311280
0.246288
0.018218
-0.118896
-0.202532
0.088085
-0.175542
0.037741
0.095434
0.157750
-0.110701
-0.042689
-0.012614
-0.028648
-0.134922
-0.026308
-0.076912
-0.033982
-0.140218
-0.192001
-0.232685
-0.009907
-0.315390
-0.311541
-0.376744
0.102585
-0.064107
0.002521
-0.127066
-0.127046
-0.178837
-0.012450
-0.429938
0.078519
0.785067
0.701872
0.249700
0.134469
0.347699
0.137075
0.473762
0.124865
-0.298874
-0.087404
-0.408236
0.137082
0.476168
0.216053
-0.031834
-0.053633
0.039990
0.122291
-0.508930
-0.149096
-0.092340
0.055150
0.107919
0.133884
0.083147
0.304312
0.473257
-0.091367
-0.082443
0.022316
-0.589796
-0.069387
0.163656
0.187700
0.522424
-0.059726
0.289262
0.069337
-0.067175
0.170359
0.247913
0.207405
-0.050348
0.133301
0.249224
-0.489937
-0.476035
0.199122
0.170632
-0.235089
0.234559
-0.059605
-0.425396
-0.211314
0.441586
0.147279
-0.059632
-0.094942
-0.698841
-0.345488
0.031932
-0.069634
-0.097227
-0.733866
-0.314716
-0.331166
0.095296
-0.160925
-0.019973
0.613463
0.197556
0.028316
-0.085410
0.050732
0.080015
0.907359
-0.086847
-0.179228
-0.230734
-0.009861
0.050372
-0.218099
-0.103459
-0.315827
-0.179477
0.259665
-0.099467
0.203285
-0.036931
-0.054140
-0.347788
-0.346194
0.118489
-0.335245
-0.164397
0.077868
0.028988
-0.119749
-0.119037
0.085469
0.173466
-0.326269
-0.107576
-0.100923
-0.269998
0.017549
-0.009397
0.518850
-0.177891
0.044253
-0.070003
-0.724753
-0.046468
-0.163034
-0.188340
0.101275
0.102428
-0.240442
0.362491
-0.131230
-0.200274
-0.027181
0.043066
0.001555
-0.492142
-0.215338
0.040478
0.183647
-0.041882
-0.325367
-0.117302
0.183945
-0.066670
-0.029471
-0.014929
-0.300532
-0.129733
-0.505274
-0.532275
-0.677752
-0.582023
-0.004594
-0.288883
-0.105483
-0.321965
0.467551
-0.045342
-0.346396
0.660824
0.042786
0.006994
0.002954
0.014626
0.893076
-0.130761
-0.309591
-0.053464
0.425651
-0.122271
0.048595
-0.086602
-0.089296
-0.436837
-0.050115
-0.547257
0.511830
-0.344035
-0.670719
-0.189232
-0.130416
0.363900
1.207539
1.033067
0.184592
-0.556095
-0.484933
-0.097003
0.200439
0.398396
0.253968
-0.781200
0.201036
0.018288
-0.016527
-0.041667
0.173136
-0.642406
-0.580048
0.078644
0.037916
-0.568402
-0.198973
-0.528297
-0.223860
-0.022790
-0.633564
0.125468
0.500298
0.037896
0.295155
0.121148
-0.019828
0.000097
-0.038515
-0.009397
-0.153351
-0.015783
0.035438
0.131887
-0.008305
0.013221
-0.563787
-0.335755
-0.177706
-0.012053
-0.184538
-0.082822
-0.046179
0.122138
-0.091331
-0.322099
-0.152059
-0.031366
0.101704
-0.015750
0.293497
-0.030586
-0.468983
-0.095311
0.238837
-0.098267
-0.420821
-0.091389
0.114057
0.185479
-0.093311
-0.206542
-0.391594
0.283245
0.275510
-0.168476
-0.099316
-0.505592
0.330301
-0.201151
-0.073457
0.076316
-0.082934
-0.017553
-0.260844
-0.073157
-0.027235
-0.049974
-0.375641
-0.185488
-0.462672
-0.129835
0.430068
1.490055
-0.586444
-0.284320
0.058326
0.221955
0.006932
-0.481344
0.192422
0.186158
0.083734
0.012531
0.113002
-0.051839
-0.387087
-0.029393
-0.249542
-0.036072
-0.086394
-0.208520
0.121966
-0.060549
0.466501
-0.025336
0.073237
-0.177514
-0.324488
0.122466
-0.054840
0.057891
-0.295575
-0.578449
-0.360632
0.525140
0.572902
-0.744362
-0.300998
-0.120729
0.985325
-0.190035
0.654371
-0.175504
0.179255
-0.201588
-0.170881
-0.186433
-0.010733
-0.121247
-0.050454
0.578656
-0.821227
0.151845
-0.024255
-0.142148
-0.097184
0.055419
0.059364
-0.497167
0.281276
0.264499
0.264666
-0.162558
0.042059
-0.051188
-0.083693
-0.078175
-0.064516
-0.130639
-0.435431
-0.096501
-0.016756
0.158347
0.208604
-0.024939
-0.042384
0.017123
-0.601507
-0.158960
-0.059892
-0.226247
-0.056903
-0.360440
-0.136408
-0.200781
0.002051
0.642325
0.490827
1.008783
-0.219646
0.296842
-0.205242
0.143965
-0.152091
-0.437546
-0.310102
0.010525
-0.044400
0.467506
0.029127
-0.021703
-0.329083
-0.384010
-0.401594
0.090062
0.977449
-0.120057
0.171437
0.147707
-0.185147
0.073403
0.275212
0.548383
0.180605
-0.057283
0.302331
-0.080353
-0.168836
-0.260332
0.250976
0.267637
-0.285079
-0.228774
0.765361
0.308639
0.125172
-0.422319
0.205240
-0.294360
0.120874
0.339874
-0.131098
0.283046
0.255060
-0.423796
-0.019979
0.337254
0.408160
0.236245
-0.011451
0.620152
-0.096716
-0.589960
-0.103916
-0.130660
0.029813
0.089560
0.084830
-0.171443
0.287183
-0.408956
-0.388820
-0.021959
-0.048690
-0.120235
-0.095852
0.262359
0.065303
0.019424
-0.091785
-0.183968
-0.213230
0.072513
-0.010938
0.290780
0.110827
0.209247
0.208858
0.159491
-0.113860
0.012564
-0.023558
0.002068
-0.152845
-0.263006
-0.244044
-0.324081
0.139393
0.048681
-0.010156
0.080943
0.039423
-0.053327
0.072722
-0.436832
-0.115278
-0.272025
-0.303564
-0.304216
-0.169350
-0.002759
-0.411658
-0.239972
-0.265802
0.092182
-0.030713
-0.344624
-0.209837
-0.557598
0.181874
-0.192791
-0.145876
-0.340303
-0.054611
0.704516
-0.193543
-0.003434
-0.378776
-0.233600
-0.198818
-0.009996
0.281759
0.109905
0.292321
-0.332013
-0.370981
-0.105301
-0.036384
0.251716
0.176757
-1.092652
-0.022606
0.181351
0.015364
0.155463
0.044034
0.048084
-0.231863
-0.261056
-0.096097
-0.352753
-0.271589
1.011775
-0.216041
0.018978
-0.400904
-0.225765
-0.133369
0.085617
-0.248485
0.246394
0.123827
-0.146818
1.083547
0.187238
-0.335776
0.491012
-0.092153
-0.400475
-0.207104
-0.027397
0.744851
-0.122004
-1.083686
-0.983471
0.345229
-0.217857
-0.224362
-0.157713
0.020287
0.058188
-0.051602
-0.004249
-0.580694
-0.147544
-0.012826
0.002329
-0.202034
-0.006486
-0.252799
0.068094
-0.005412
-0.109246
0.014942
-0.363935
-0.522956
0.146904
-0.271247
0.374571
0.341216
-0.137475
-0.112725
0.237860
0.025812
0.061037
-0.074622
-0.038714
0.331592
-0.140386
0.099303
0.192646
-0.022962
-0.425653
-0.172957
-0.200262
-0.121063
-0.353465
-0.317016
0.466064
-0.448569
-0.443052
-0.567678
0.105281
0.034173
0.178397
0.578720
0.545763
-0.067265
-0.000327
0.080158
-0.161258
0.272632
-0.357208
-0.205791
-0.244564
-0.227262
-0.473769
-0.205691
-0.083669
-0.036163
0.162697
-0.017016
-0.107073
-0.309389
-0.176339
-0.113345
-0.208827
-0.129592
0.050372
0.390924
0.142136
-0.276302
-0.565717
0.084663
-0.741360
-0.197797
-0.070383
0.112009
-0.142634
0.019847
-0.056735
0.053625
-0.197477
-0.268216
-0.433825
-0.307286
-0.327113
-0.038273
0.254843
-0.122944
0.064914
-0.076309
-0.123217
0.024041
-0.185961
0.269975
-0.250736
0.590827
0.953338
-0.136975
-0.191063
0.242951
0.062759
-0.203200
-0.247397
-0.088451
-0.061106
0.096693
-0.323421
0.011341
-0.186839
0.036811
-0.088426
0.424120
-0.169875
-0.275228
-0.486518
-0.091015
0.253516
0.336664
0.869094
0.221848
0.218428
0.140539
0.205057
-0.303687
-0.319821
-0.349496
0.043209
0.224539
0.329269
-0.219114
-0.406589
-0.539847
-0.336213
-0.368600
0.419929
-0.424433
-0.157521
-0.000487
0.661320
-0.158031
0.191792
-0.042151
-0.067864
-0.030004
-0.155849
-0.023000
-0.018065
-0.560482
-0.302441
-0.417770
-0.169718
-0.057777
-0.233513
-0.028982
-0.067036
-0.101418
0.158596
-0.256823
-0.510500
0.637503
0.527356
0.353688
-0.093652
0.209162
0.600604
0.122809
-0.183869
-0.119354
-0.041076
0.045627
-0.487408
-0.332669
-0.135139
-0.256036
0.521344
0.463969
-0.307683
0.077648
-0.011917
0.003067
0.060551
0.182289
-0.405165
0.229957
-0.004020
-0.410217
0.207891
0.005435
-0.128188
0.154014
0.795466
-0.341850
-0.712226
-0.576627
0.039951
0.029169
-0.544895
0.149145
0.066649
0.101132
0.016710
-0.063068
-0.139585
0.095825
0.126551
0.019002
-0.025896
0.092769
-0.095332
-0.125061
0.127710
0.100550
0.083385
0.789478
-0.209114
-0.148422
0.047108
0.057855
0.111626
0.034120
0.084427
-0.203858
-0.018122
0.020418
1.023034
0.563310
-0.140317
-0.186153
-0.243734
-0.076221
0.247232
-0.168635
-0.070043
-0.114777
-0.232686
0.341591
0.065454
-0.151119
-0.130929
-0.052994
-0.442647
-0.177677
0.089092
-0.349107
-0.182898
-0.195701
-0.471143
-0.068468
-0.207995
-0.148405
-0.329803
-0.036729
-0.301727
0.062207
-0.149847
-0.272420
-0.278299
0.239596
-0.305149
0.098903
0.071538
0.038273
-0.352086
-0.378668
0.928936
0.867225
0.088935
0.001243
-0.148981
-0.210229
-0.116399
-0.388741
-0.162701
-0.114551
-0.071322
0.291855
-0.131069
-0.382888
-0.247515
0.027066
0.493462
-0.040679
-0.098427
-0.179806
-0.435462
0.038941
0.416614
0.226777
-0.067011
-0.100807
0.168970
-0.108375
-0.269040
0.019694
-0.259532
-0.282377
0.979036
1.340202
-0.113193
-0.146656
0.089623
-0.481629
-0.102489
0.668647
0.002611
-0.470539
-0.527844
0.044866
0.193497
0.384671
-0.062420
-0.121415
-0.113902
-0.074337
-0.437603
-0.251552
-0.511891
-0.153634
-0.286500
-0.107782
0.122158
-0.002343
-0.424356
-0.331573
0.505193
-0.015899
-0.115431
-0.069040
-0.154388
-0.077030
-0.291861
-0.265356
-0.682659
-0.221230
0.211294
0.072579
0.329604
0.016904
-0.007704
-0.023018
0.381288
0.064593
0.047114
-0.053785
-0.923719
0.084672
0.477423
-0.180604
0.021795
1.422169
0.082558
0.223905
-0.019098
0.083531
-0.434771
0.139820
-0.064355
0.585416
0.101135
-0.060047
0.162637
-0.029772
0.147382
-0.036599
-0.661554
-0.278558
-0.333613
-0.439810
-0.060872
-0.719747
-0.668102
0.197212
0.030710
1.219669
0.430379
-0.124528
0.419340
-0.191367
-0.196675
-0.055154
-0.153794
-0.377817
-0.233001
-0.531461
-0.133141
-0.073890
-0.049077
-0.051664
-0.118202
-0.393081
-0.329097
-0.535359
0.159906
0.008865
-0.063207
-0.394684
0.025814
-0.014819
0.023139
0.225185
1.069426
-0.389144
0.092223
-0.059907
0.114815
-0.108444
-0.317851
-0.275480
-0.975756
-0.129261
0.481360
0.322704
0.252659
-0.866642
-0.382146
-0.297521
0.033306
0.525933
-0.272990
-0.071598
-0.071892
-0.187408
-0.315584
0.912093
0.252481
-0.363196
0.178609
-0.331046
0.014842
-0.194424
-0.290924
-0.444733
-0.691241
0.071880
-0.112623
-0.529261
0.175108
0.148900
-0.119335
-0.262331
0.227794
-0.341204
-0.173093
0.086908
0.184352
-0.198784
-0.310645
0.635921
0.077044
-0.126070
0.329682
0.069564
0.157097
-0.081158
0.427458
-0.025267
0.222318
0.117274
0.256164
-0.319445
0.374096
0.645464
0.945594
0.380032
0.496244
0.094091
0.109726
0.045656
-0.150253
0.547575
0.513572
1.319284
0.008426
0.243329
0.017387
0.745163
1.160631
0.272247
-0.162312
0.320407
-0.033336
-0.558901
-0.283662
-0.660784
-0.140533
-0.018347
-0.155287
-0.728879
0.432362
0.191931
0.207567
0.355272
0.254101
-0.260475
-0.227039
-0.337797
-0.352005
-0.135865
0.104213
-0.065760
0.249677
0.237438
-0.079509
-0.102051
0.226845
0.664451
0.671683
-0.144885
-0.035154
-0.022941
-0.479992
-0.568861
-0.478270
-0.671184
-0.299077
-0.541519
-0.067668
-0.129064
0.478828
-0.135301
0.182860
0.057111
-0.476277
-0.241596
0.019628
0.121772
0.312998
0.026929
-0.526489
-0.469491
-0.019280
0.412481
-0.300690
0.170577
-0.077219
0.823437
0.522300
0.368789
0.616310
0.061754
0.038173
0.492672
-0.626917
-0.040639
-0.194576
-0.152383
-0.131749
0.013039
-0.083433
0.734197
0.154654
0.053854
-0.174096
0.226797
0.550852
0.148591
-0.176417
-0.049091
-0.059224
0.261067
0.161559
0.103203
0.422900
-0.109112
0.219309
0.325221
0.068191
-0.391988
-0.302120
-0.033776
-0.124041
-0.085735
-0.258279
-0.032842
-0.381812
-0.049564
1.578567
0.556660
0.135321
-0.111476
0.311758
-0.386526
0.095353
-0.086718
-0.550646
0.373834
-0.048867
-0.329593
-0.233068
-0.247215
-0.132586
-0.539002
0.098381
-0.064890
-0.406943
-0.331296
-0.029199
0.535743
0.279493
0.233466
0.295937
0.007877
-0.642427
-0.216537
0.965234
0.008555
-0.032625
-0.060767
1.075803
0.969157
0.088319
0.106297
-0.197440
-0.183332
-0.298946
-0.303855
-0.062333
-0.115156
-0.042691
-0.055066
0.009418
0.028659
0.092974
0.100496
0.172989
0.140911
-0.071808
-0.084431
1.237189
1.274443
0.091133
-0.094243
0.432457
0.438840
0.065179
-0.242869
-0.005590
0.123537
-0.107172
0.454155
0.152852
0.016713
-0.051599
1.310419
0.089543
0.193799
0.103264
0.092809
-0.047252
0.125685
0.003055
-0.340684
-0.259315
-0.011840
0.149328
0.373592
-0.342498
-0.592909
-0.254406
-0.016479
0.069304
0.071205
-0.159136
0.200845
0.223539
0.113790
-0.050353
-0.001299
-0.142468
0.115695
-0.193715
0.094310
-0.107709
-0.242323
-0.164376
1.202873
-0.222665
-0.213002
-0.651521
0.087824
-0.145221
0.336466
-0.318161
0.607228
0.904521
0.143374
0.212452
-0.153705
0.001400
0.630597
-0.068779
0.607514
-0.120765
-0.146161
-0.086070
-0.084666
-0.068159
-0.112913
0.039098
-0.174919
-0.360780
-0.274405
0.129873
-0.317078
-0.160708
-0.139143
-0.332687
0.143394
-0.415980
-0.453910
-0.070738
-0.580612
-0.013427
0.639911
0.631574
0.267396
-0.185732
0.417217
0.432917
-0.155188
0.419576
-0.210056
0.129742
-0.296229
0.080914
0.349134
-0.682376
0.022903
0.750762
1.140919
-0.177660
0.023380
1.325282
0.275346
-0.286777
-0.259036
-0.006701
-0.226504
0.052623
0.140320
-0.687206
0.158223
-0.008921
-0.603749
0.235459
-0.305232
-0.437965
-0.285510
0.282758
-0.362413
0.186910
-0.042299
0.092158
-0.080298
-0.462431
-0.416650
-0.787022
-0.572917
0.169784
0.491843
0.681441
0.780994
0.121289
0.309657
0.150758
-0.011282
-0.072639
-0.173561
0.188660
-0.300872
-0.395030
-0.395696
-0.086237
-0.039088
-0.082689
-0.669162
-0.703707
-0.191310
-0.156315
-0.285930
-0.067100
-0.204608
-0.005085
-0.069267
0.027498
0.149810
-0.049327
-0.236327
-0.375011
-0.361183
-0.447220
-0.382739
-0.078414
-0.008863
-0.113492
0.065568
0.922014
0.343217
0.114631
-0.263630
-0.016007
-0.096892
0.481207
0.445737
1.178551
-0.393886
-0.017562
-0.112930
-0.161258
0.104851
-0.078812
-0.196076
0.588500
-0.139289
-0.194245
0.050656
-0.426395
-0.026689
0.231451
0.216016
-0.178708
-0.266308
0.103961
-0.191904
-0.202276
-0.056587
0.107909
0.152441
-0.121834
-0.680096
-0.150971
-0.272545
-0.248911
-0.318466
0.225259
-0.053837
0.062640
0.269584
0.559348
0.030710
-0.160558
-0.403095
-0.050951
-0.076169
-0.151645
0.204220
0.486582
0.428461
0.143051
-0.337937
-0.460375
0.127531
-0.156477
0.125843
-0.548444
-0.652992
-0.118912
0.500864
-0.333732
0.044616
-0.672333
0.143163
0.173341
0.324742
0.652553
-0.059390
0.930002
0.142853
0.315100
-0.228043
-0.399064
-0.486237
-0.181293
0.458441
0.862148
0.078278
0.286708
-0.124749
0.011570
0.002020
1.450694
1.254998
0.366144
0.079680
-0.087696
-0.145784
-0.148888
-0.003616
-0.073092
0.045576
0.055628
0.343851
-0.215435
0.021969
0.023435
0.524771
0.738440
-0.007389
-0.337616
-0.103697
0.228091
0.215047
0.019805
0.002598
0.019405
-0.145082
0.510180
0.160606
0.282094
0.160406
-0.277226
-0.213024
-0.272279
0.263553
-0.605271
0.046586
0.269592
-0.073566
-0.071640
0.860022
-0.146037
0.525304
-0.164858
-0.101857
-0.716580
-0.072998
-0.150964
1.523652
0.129326
0.368842
-0.327301
0.119564
0.200862
-0.120784
-0.371578
-0.031502
0.179905
-0.203319
-0.300591
-0.147280
-0.107875
0.269601
0.171677
0.196054
-0.450417
0.781754
0.300519
-0.303992
0.244760
0.011335
0.044744
-0.247874
-0.022394
0.191475
-0.267501
-0.302451
-0.477838
-0.314339
-0.736863
0.265017
-0.159175
0.218041
0.463803
0.077781
-0.223018
0.788257
-0.248083
-0.075053
0.382760
-0.688506
-0.244092
-0.263807
-0.083575
0.165018
0.313467
0.101106
-0.020958
0.160174
0.072195
-0.001036
0.066830
0.019351
-0.580011
-0.069790
0.771933
0.032675
0.285032
-0.657557
-0.111530
0.044091
0.369234
0.228421
0.200146
0.202245
-0.173288
0.294400
-0.413612
0.491907
0.052764
0.064333
-0.228792
-0.042683
-0.800221
0.223719
-0.237029
0.183690
0.594208
0.150099
-0.463398
0.380171
0.129623
0.048844
-0.084596
-0.142215
0.076479
0.555889
-0.319447
0.687100
-0.383854
0.429693
0.398796
0.166525
-0.163068
0.232348
0.296454
-0.559100
0.973840
-0.287012
-0.209422
0.609595
0.036501
0.001474
-0.740668
0.057648
0.237425
-0.120506
-0.194025
-0.038493
0.469803
-0.625453
0.010798
-0.391119
-0.146543
0.155135
0.039112
-0.391533
0.006069
0.101457
-0.830763
-0.124946
0.037088
-0.788306
0.346242
0.233110
0.324611
0.062582
0.048440
-0.130465
-0.666404
0.350247
0.506767
-0.065750
0.182997
-0.012218
-0.268330
-0.182347
-0.332232
0.147203
0.708566
0.991622
0.112618
0.529489
-0.017751
-0.177288
0.020446
-0.380216
-0.334516
0.157124
0.016457
0.193747
0.611358
0.465762
-0.281835
-0.283523
0.099527
0.383741
0.036425
-0.739331
-0.382173
0.048271
0.362628
1.154354
0.519100
-0.289308
-0.170208
-0.284531
0.014654
0.197429
-0.097149
0.175047
1.273409
0.153715
-0.612916
-0.023050
-0.166956
0.391524
-0.325707
-0.079884
0.743286
-0.447791
0.154717
-0.574879
-0.296007
0.037931
0.518644
-0.676293
-0.557914
0.041918
0.277852
0.063091
-0.083112
-0.257832
-0.074949
-0.162565
-0.030352
-0.025255
0.074758
-0.155993
-0.011166
-0.337721
-0.396392
0.532630
0.334002
0.293555
0.483845
-0.847112
-0.332638
-0.099485
-0.112423
-0.188740
0.089337
0.209632
-0.355881
-0.778840
0.099454
-0.179645
0.452970
-0.284632
-0.040724
0.372874
0.210478
0.202628
-0.291488
0.290576
-0.198350
0.096859
0.179428
-0.002807
-0.089602
0.352293
-0.640118
0.069521
0.012698
-0.049747
1.346379
1.133110
-0.000488
0.849027
0.089609
-0.341035
-0.111386
-0.231968
-0.104074
-0.176888
-0.027209
-0.027723
-0.147420
-0.249476
-0.046356
-0.470784
1.290680
0.147415
0.205426
0.117874
0.121649
0.272702
0.222143
0.004871
-0.006503
1.224576
0.723506
-0.074914
0.304815
-0.058424
-0.067688
0.656222
-0.008557
-0.094207
0.183448
-0.069126
0.363792
0.017865
0.287952
-0.128135
-0.018732
-0.085698
-0.067574
0.306794
-0.091471
0.151182
0.106266
-0.056360
0.013129
-0.216340
0.330921
0.620090
0.502104
-0.480435
0.927676
0.620150
-0.318856
-0.286866
0.033480
-0.146230
0.138596
-0.273379
-0.177272
0.032320
0.051259
0.463948
-0.079446
0.564323
0.348950
-0.183200
-0.206078
-0.023724
-0.458144
-0.445488
-0.173759
-0.026150
0.076027
0.213655
0.045480
-0.038022
0.058394
-0.103875
0.034678
0.002053
0.014009
-0.174937
0.205203
0.393135
0.328085
-0.123429
-0.069421
-0.424777
-0.075769
-0.361649
0.867893
-0.004929
-0.628058
-0.571967
0.082703
0.023087
0.184557
-0.049413
0.156699
-0.108243
-0.232390
1.318077
-0.218068
-0.129726
0.217875
0.062637
0.830153
-0.071544
0.320428
-0.826715
-0.272763
1.301774
0.414653
-0.009624
0.585422
0.656316
-0.057077
0.008389
0.298328
-0.108558
-0.099368
0.095099
0.089132
-0.222728
-0.128648
0.180362
0.261898
-0.011290
0.011457
0.192649
-0.258106
0.124443
-0.657392
0.076064
-1.108793
-0.747010
-0.111193
-0.085709
0.306615
0.658879
0.133612
-0.059492
-0.680834
-0.089039
-0.359436
1.255198
0.091944
0.041688
-0.111987
-0.169926
0.065320
1.151338
0.284837
-0.485235
-0.327240
-0.290265
-0.054589
-0.014766
0.097999
-0.203947
0.053304
0.132678
-0.342756
-0.080483
-0.217211
-0.401129
-0.619660
-0.701747
0.669086
1.040160
-0.057909
-0.472315
0.129126
-0.233886
-0.486433
-0.149045
-0.223545
0.017031
-0.304254
-0.269390
-0.121705
-0.478835
-0.436310
0.119358
0.256009
-0.531685
0.004186
-0.194712
-0.011513
0.084719
0.375198
-1.030463
-0.051157
0.203122
-0.200851
-0.222270
0.277544
0.166905
0.239075
-0.135388
-0.060372
0.158255
0.050664
-0.102120
-0.049413
-0.035172
-0.022885
-0.040033
0.004602
-0.107543
0.083157
0.596597
-0.747308
-0.468563
0.136421
-0.031959
-0.366673
0.926760
0.022963
-0.007131
0.112750
0.129494
0.014121
-0.132809
-0.010385
0.027625
-0.075282
0.149027
-0.196857
0.450455
0.124966
0.066048
-0.045057
-0.044134
0.058316
-0.357453
-0.199609
-0.118738
-0.575629
-0.592646
-0.062995
-0.244352
0.174293
-0.201078
0.052223
-0.007881
-0.075598
-0.272727
0.150193
-0.109839
-0.275377
-0.184898
1.423500
0.578081
0.549108
-0.203540
-0.425046
-0.148421
-0.005427
-0.596471
-0.013041
-0.041604
0.015193
-0.190338
-0.387460
0.052035
-0.032212
-0.211095
-0.250968
-0.280983
-0.213301
-0.580323
-0.254556
-0.491654
1.395213
0.243115
-0.211619
-0.079315
-0.039019
0.174750
0.382166
0.398474
0.128207
-0.451227
0.059449
-0.134203
-0.267217
-0.206695
0.066860
0.119124
0.133648
0.207700
-0.271800
0.130175
0.564485
0.227886
-0.141954
-0.159600
0.917993
0.455366
-0.173786
-0.249494
-0.210506
-0.368588
-0.066159
-0.027274
1.446822
0.070808
0.085722
0.103587
0.454473
0.534996
0.000407
-0.398305
-0.129964
-0.600654
0.823755
0.102454
0.156982
1.229420
-0.298783
-0.045400
-0.225671
-0.239107
-0.182721
-0.535736
-0.286884
-0.262686
0.586354
0.202764
0.080643
-0.009588
-0.519923
-0.288953
-0.234676
-0.213843
0.255120
0.311810
-0.557508
0.283992
0.337335
0.464081
-0.243732
-0.255524
-0.028710
-0.166900
0.589289
0.187976
0.493077
0.203038
0.208852
0.110774
0.585144
0.314112
-0.192333
-0.111969
0.121906
-0.098846
-0.389024
-0.008140
0.183365
-0.076961
-0.015892
0.014427
0.124801
0.256406
0.890084
0.123783
-0.175957
-0.109356
-0.724718
-0.211318
-0.228714
-0.076542
0.405736
0.285050
0.700732
-0.033111
-0.043480
-0.103446
-0.066305
-0.731454
-0.407337
0.172782
0.214069
0.785105
0.012811
1.099057
-0.213919
-0.822110
0.065854
-0.396425
-0.212684
-0.361495
0.092689
-0.110681
0.049581
0.174654
0.265305
-0.094090
0.062662
-0.002849
-0.118020
-0.034037
0.019938
-0.356564
-0.138205
-0.692347
-0.194377
-0.270860
-0.311273
0.281200
0.239794
-0.212336
0.508366
0.186197
0.067744
0.038817
-0.411542
-0.063414
-0.583155
-0.288321
-0.330413
0.038960
-0.025275
0.005357
-0.374609
-0.360085
-0.293737
-0.258398
-0.116630
0.201339
-0.089306
-0.592343
0.192236
-0.212295
0.531324
0.528798
-0.020793
-0.177152
-0.105426
0.070139
0.306947
0.137557
0.193799
0.116799
0.118221
0.162535
0.374270
0.070342
0.368433
-0.620227
0.700049
-0.314683
0.194250
-0.138856
-0.296042
0.243661
1.493250
-0.077499
-0.400618
0.026124
-0.349410
-0.296611
-0.310841
-0.106756
-0.031340
-0.276672
-0.305987
-0.591598
0.038946
0.243768
-0.039069
-0.037656
-0.280748
-0.052681
-0.133223
-0.179969
-0.192692
-0.066012
-0.002163
-0.198050
-0.344479
-0.188663
-0.737980
-0.286980
-0.583256
0.249364
0.241417
-0.336755
0.253615
0.133779
0.283885
-0.146836
-0.209494
-0.030065
-0.164035
0.049221
0.666704
-0.469982
-0.079640
-0.262768
-0.479157
0.233762
0.197171
-0.005758
0.572593
1.293199
1.246104
0.601612
0.385736
-0.224969
0.247665
-0.152961
-0.072467
-0.147975
0.226513
-0.474972
-0.125470
-0.055758
0.143095
0.293670
0.170917
-0.487062
-0.202225
-0.269355
-0.133883
-0.499107
-0.271383
-0.210006
0.022938
-0.230211
-0.037256
0.078347
0.319318
-0.465178
-0.290991
0.043761
-0.156283
0.138108
-0.001179
-0.940082
0.139239
-0.124306
-0.240975
-1.016776
-0.451467
-0.656506
-0.279705
-0.042902
-0.020455
-0.101320
0.576161
0.178901
-0.259541
0.425456
-0.122004
0.160565
-0.541342
-0.472312
0.057646
-0.194172
0.415568
-0.008029
0.139796
-0.208148
-0.212123
0.201235
-0.076016
-0.265085
-0.310985
-0.042797
0.050645
-0.051944
-0.496419
0.081428
0.134825
-0.529949
0.681896
-0.496216
-0.082362
-0.015519
-0.000724
-0.048403
0.818321
-0.106143
-0.456381
0.317227
-1.024344
-0.106718
-0.326928
-0.843314
0.386512
-0.048599
0.189618
0.684102
0.278512
0.161300
0.091854
0.228466
-0.355987
0.751555
-0.137101
-0.504751
-0.342749
-0.066154
-0.261422
-0.281632
-0.412866
-0.315426
-1.116507
-0.052270
-0.146507
-0.593055
-0.037041
-0.213603
-0.067572
-0.068775
-0.118995
-0.085478
0.067817
0.035332
0.039980
0.861692
1.363616
1.273081
0.437650
0.757626
0.781101
0.091091
0.079341
-0.112861
-0.017109
0.212006
0.128195
-0.417591
-0.267657
0.653177
0.349311
-0.518028
-0.223732
-0.212623
0.522134
0.062504
-0.212041
0.163496
0.056707
-0.289605
-0.487050
-0.469887
0.092547
0.013231
0.192162
-0.045734
-0.093683
0.101248
-0.026096
-0.059234
-0.377282
-0.592051
-0.210392
0.421299
0.167829
0.217535
0.398853
0.832772
0.107486
-0.145582
0.389942
0.363447
0.003511
0.312956
1.487652
0.066399
0.252658
0.594147
0.164767
-0.110067
-0.529047
-0.409322
-0.005112
-0.533345
-0.455801
0.011946
-0.495855
0.260912
0.215922
0.009530
0.050582
-0.003679
-0.083012
-0.082262
0.298248
0.184398
0.122087
-0.060743
-0.184259
-0.173958
-0.057551
-0.262087
-0.099980
0.011492
-0.222670
0.015239
-0.214049
0.315019
-0.220527
0.762987
0.365756
-0.031640
-0.704789
0.298609
0.058046
-0.351020
-0.368135
-0.293759
-0.995587
1.130418
-0.085577
0.757101
0.089291
0.281487
0.075471
0.588452
0.008047
0.465707
-0.180565
-0.624347
-0.119019
-0.075182
-0.120028
0.029243
0.217646
0.033355
-0.278256
-0.482183
-0.123401
-0.254342
-0.158629
-0.061961
0.071994
0.212546
-0.498057
0.146439
0.002557
0.031215
0.017898
-0.384205
-0.113066
-0.246728
0.020293
-0.050079
-0.132803
0.002948
-0.067657
-0.705142
-0.087483
0.048541
0.123410
1.166226
1.705077
-0.000014
0.258684
0.273639
-0.138403
0.429727
-0.512163
-0.120993
-0.092637
-0.462304
-0.103666
0.095446
-0.078359
-0.310427
-0.077886
-0.598215
-0.047948
-0.156917
-0.109620
0.042249
0.251525
0.505593
-0.017203
-0.260993
-0.268382
-0.077793
-0.173878
-0.023804
-0.317882
-0.282766
-0.303097
0.360868
-0.144870
0.013133
-0.039708
-0.449488
-0.007820
0.033542
-0.043255
0.303666
-0.060917
0.259224
0.120106
0.182514
-0.204686
-0.173912
-0.161315
0.081259
-0.094063
-0.129711
-0.727898
-0.011817
-0.270936
-0.316433
-0.146261
-0.171488
-0.396587
-0.033970
0.016506
-0.505096
-0.388490
-0.057877
0.330450
0.016243
0.128631
0.691203
-0.417836
-0.160424
0.164586
0.060402
-0.435013
0.162759
0.081319
-0.136509
-0.586959
-0.139106
-0.406532
0.366838
-0.288812
-0.309129
0.028392
-0.228198
0.007595
0.024457
-0.181171
-0.265608
-0.016927
-0.046576
0.249613
-0.086460
-0.097260
-0.409222
-0.426476
-0.341737
-0.061994
-0.325542
-0.134784
0.364126
-0.196077
-0.183094
-0.090916
0.107483
0.450994
0.181749
-0.218612
0.181175
0.598537
-0.152915
0.201475
0.140366
0.577814
1.373682
-0.041537
0.063398
0.462343
0.517724
0.221230
0.040291
-0.120697
-0.296958
0.164564
0.058524
-0.152393
-0.255081
0.172998
-0.265981
-0.369945
0.006828
-0.538530
0.234979
-0.105902
-0.029131
-0.134086
0.153940
0.378377
-0.376347
-0.346414
-0.072853
0.864057
0.412645
0.866420
0.949961
0.441982
0.024621
0.320235
0.655032
-0.158896
-0.054991
-0.237506
-0.210357
-0.096153
-0.232207
0.277497
0.015808
0.951672
0.324997
-0.034220
-0.293570
-0.479575
0.057751
0.482304
0.418635
-0.982507
-0.327835
0.250491
0.445366
0.250383
-0.036273
-0.088240
0.179429
0.295690
0.032525
1.619942
1.192211
-0.139862
-0.116291
0.109199
-0.031436
-0.287056
-0.026826
-0.032024
-0.380131
-0.067525
-0.410160
-0.538612
-0.263120
0.029694
-0.079247
0.129807
-0.040746
0.727194
-0.712223
-0.068287
0.062398
-0.144002
0.105435
0.969035
-0.234204
0.137592
-0.020212
-0.062783
-0.084671
-0.253068
-0.047373
-0.375346
0.036744
0.050557
-0.026832
-0.051372
0.210709
-0.115145
0.003819
-0.113689
-0.379753
-0.096345
0.119698
-0.551045
0.071624
-0.372579
-0.118662
-0.209978
-0.034287
-0.158662
-0.332612
-0.153029
-0.821065
-0.166709
-0.030981
-0.131055
-0.317998
-0.072198
0.533214
0.379126
0.122928
-0.125463
-0.326636
-0.093799
0.010054
1.004925
0.348237
-0.101723
-0.537791
-0.533788
-0.068056
0.645108
0.162286
-0.095938
-0.358651
-0.008189
-0.123467
-0.361411
-0.002509
0.704786
-0.207554
0.013098
0.337915
0.091963
0.118594
-0.487167
-0.614159
-0.220696
-0.155655
0.167923
-0.497254
0.946709
0.002503
0.026034
0.128442
-0.021804
-0.057897
-0.165843
-0.276550
0.159372
0.035790
0.166270
-0.061258
-0.518879
-0.161937
0.520141
1.122556
0.159899
0.310599
0.194449
-0.329652
0.196242
-0.145774
-0.255487
-0.063787
0.256431
-0.252582
-0.346366
-0.112356
-0.090975
-0.427009
-0.245594
-0.141596
0.143147
-0.208640
0.161502
-0.114079
-0.174457
-0.201675
-0.198139
-0.165293
0.016790
1.187400
-0.393112
-0.547004
-0.150386
0.286774
0.273491
-0.107506
0.381316
0.070692
-0.190733
-0.334899
-0.148917
0.472797
0.892215
0.272916
0.351544
-0.078525
-0.382038
0.213559
0.212452
0.015270
-0.186763
0.514296
-0.533373
-0.463702
-0.187558
0.232934
-0.074459
0.143299
-0.082612
-0.196259
-0.256201
0.484880
0.618251
-0.625619
-0.322912
-0.217336
-0.419879
-0.352083
-0.124831
0.791054
0.153786
0.056591
-0.312662
-0.347211
1.035328
-0.031174
0.495370
0.289690
-0.340948
-0.052781
0.287587
-0.044058
0.119969
-0.079613
-0.109576
-0.026404
-0.436013
-0.159136
0.016008
1.131737
-0.035230
0.409806
-0.354041
0.074543
-0.115346
-0.110998
0.158865
-0.239423
-0.318650
-0.114551
0.445457
0.467606
0.112802
-0.290831
0.056050
0.289139
0.282547
0.031920
-0.318329
-0.278218
-0.091778
0.530750
-0.049237
-0.248814
-0.422619
0.065587
-0.107440
0.133277
-0.047472
-0.225590
1.245360
-0.054848
-0.087441
0.114347
0.265159
-0.175037
-0.507560
0.008400
-0.259663
0.097178
-0.174934
-0.251547
0.130167
-0.266420
0.199116
0.467725
0.262944
-0.088494
-0.198544
-0.009397
-0.040830
-0.128045
0.186429
-0.150716
-0.100503
0.051103
-0.054088
-0.008232
0.260658
0.273589
0.139900
-0.009397
0.291921
0.111791
0.334293
0.255700
0.039277
0.239096
-0.018540
0.101208
0.180538
-0.203780
-0.253516
0.092646
0.567055
0.078191
0.611562
0.621133
0.587544
0.103973
0.163010
-0.244555
-0.297700
-0.035388
-0.134194
0.187869
0.060533
-0.509513
-0.127174
0.004619
0.050727
0.088723
0.128628
0.071513
-0.272327
-0.303096
-0.145114
0.159553
1.349552
1.584908
-0.100373
-0.132786
-0.113330
0.342218
0.082448
0.341319
-0.336857
-0.198186
0.121230
-0.000457
-0.253233
0.237454
-0.858246
0.060366
-0.526999
0.084649
-0.108122
0.267673
-0.297940
0.329905
-0.486320
-0.115187
-0.010471
-0.251913
0.061061
-0.004818
-0.546785
-0.547590
0.477908
-0.117761
-0.069219
0.093526
0.284888
0.128579
0.634614
0.164873
0.170343
0.270616
-0.005161
-0.674449
-0.521966
-0.076228
-0.584480
-0.340510
0.319947
0.225892
-0.123554
0.034769
0.329113
0.385229
0.273635
-0.078970
0.610350
-0.214889
-0.073864
-0.159511
-0.058626
0.195213
-0.273398
0.201580
0.175593
-0.487941
0.202565
-0.137481
0.359468
0.283860
1.504215
-0.755457
-0.849035
-0.342261
-0.507263
-0.190333
-0.303625
-0.017261
-0.123719
0.171294
-0.322524
0.132788
-0.236446
-0.073589
0.037983
0.274590
-0.104864
-0.019353
-0.041090
-0.255516
-0.260179
0.110026
-0.152990
-0.221765
-0.508511
0.507695
0.159876
-0.042755
0.130684
-0.074061
-0.582040
0.291380
-0.320231
0.015384
0.214508
-0.444808
-0.605962
-0.222156
-0.661591
-0.520113
0.530364
0.358746
-0.250523
0.207598
-0.017983
0.011095
-0.069462
0.342810
-0.535647
0.489031
0.266560
0.279157
-0.459791
-0.815752
1.222968
0.134137
0.491961
-0.020469
-0.234862
-0.957923
-0.173756
-0.787827
-0.289245
-0.104880
0.012313
-0.808577
-0.748900
0.235676
-0.145235
0.142857
0.221524
-0.755737
0.289685
0.197385
-0.026339
0.022573
-0.128058
-0.037965
0.150699
-0.042409
-0.163312
0.205691
-0.448610
-0.529829
-0.506373
-0.365064
-0.142459
-0.241720
-0.018120
-0.173419
0.308610
-0.475431
0.241871
0.172421
0.132820
-0.095872
0.038569
0.015181
-0.090809
-0.046923
-0.352024
-0.083450
-0.311956
-0.142445
0.428434
0.432142
0.689170
-0.702564
0.138174
0.067907
0.143076
-0.162880
0.085957
0.430216
-0.008055
0.086986
-0.321292
0.198527
0.017688
-0.088974
-0.052624
-0.033963
-0.046481
-0.223286
0.081014
0.163457
-0.415131
-1.018181
-0.066892
-0.168089
0.062491
-0.106155
0.033039
-0.195349
-0.255550
0.167634
0.351380
0.231764
-0.604356
-0.562074
0.290084
-0.098603
-0.064876
0.032917
0.188661
-0.204954
-0.158299
-0.167807
-0.052705
0.337538
-0.016959
-0.054381
-0.037969
0.039955
-0.096223
1.106919
0.457866
0.166695
0.108121
-0.443164
-0.330081
-0.081792
0.251607
-0.145747
-0.572563
-0.313434
-0.292709
0.253758
-0.164062
0.000433
-0.102924
-0.131382
-0.236859
-0.059960
-0.075124
0.226495
-0.142121
0.139627
-0.645419
-0.142334
0.349091
-0.272499
-0.346449
0.202706
-0.249252
-0.330966
0.140155
0.013180
-0.046473
-0.265648
-0.260148
-0.216495
-0.334579
-0.405063
-0.385632
0.230084
-0.221756
-0.550124
-0.544483
-0.462979
0.151661
-0.145940
-0.017317
-0.225559
0.321820
0.245749
0.145418
-0.050998
0.305400
-0.525774
0.129220
0.005855
0.060082
-0.566344
-0.391601
-0.104499
0.375734
0.963070
0.561876
-0.138301
-0.078112
-0.212700
-0.294913
-0.344313
0.293424
0.585537
0.008744
0.100924
0.559505
0.115542
0.306135
-0.122722
-0.087201
-0.152679
-0.363281
0.180976
0.462345
0.967575
-0.095361
-0.556501
-0.155489
-0.860186
-0.077554
-0.560245
-0.146559
0.231214
-0.107506
0.086933
0.300026
-0.003419
-0.019942
-0.435096
-0.089869
-0.132976
-0.109604
0.315597
0.269219
-0.051606
0.091319
0.248227
-0.148841
0.047713
0.128314
-0.779559
-0.128998
-0.392763
0.277451
-0.296153
-0.148416
-0.065041
0.374031
-0.167096
0.185946
-0.111355
-0.414764
0.567695
0.202278
-0.159125
0.062727
0.076946
0.236260
0.034587
-0.054435
-0.286023
0.458869
-0.238128
-0.014302
-0.510425
-0.165150
0.077156
-0.769408
-0.128363
0.010695
-0.335320
-0.028592
-0.088187
0.320969
-0.219244
-0.501804
-0.255824
-0.061073
-0.273795
-0.280808
0.653445
0.208205
-0.207897
-0.127101
0.156826
-0.250801
-0.085520
-0.319318
-0.259529
-0.251763
-0.041501
-0.002511
-0.161629
-0.039484
-0.091286
-0.033811
-0.303397
0.007244
0.121786
0.036662
0.695260
-0.288107
-0.166262
-0.135627
-0.125589
0.218777
0.133271
0.605461
0.170059
-0.093735
0.020696
-0.027369
-0.075952
-0.235248
-0.741139
-0.338572
0.114055
-0.199982
-0.863237
-0.287716
-0.382542
0.275265
0.035865
-0.230211
-0.082032
-0.167088
-0.381346
0.095261
0.297777
0.488034
-0.124039
0.081880
-0.180321
0.222823
0.271164
0.060495
-0.086718
-0.167202
-0.182202
-0.468584
-0.206788
0.003930
0.114081
0.456483
-0.003821
0.034514
0.284258
0.118848
-0.207467
-0.355608
0.111159
-0.078846
-0.088463
-0.163726
0.856073
-0.324407
-0.253651
-0.270540
-0.223405
0.595383
0.005537
0.053925
-0.312075
0.950030
-0.056052
-0.477060
0.746329
-0.074000
0.083914
-0.242265
0.038495
0.239366
0.103843
0.113246
-0.120188
-0.240279
0.004054
0.073266
0.087182
0.698636
0.702989
0.343840
0.081116
0.095032
-0.571541
-0.055450
-0.155701
-0.492111
-0.207074
0.006312
-0.010103
0.074374
0.293045
0.082958
-0.233215
-0.155278
-0.228146
0.210408
-0.078069
0.314023
0.200288
0.573854
-0.443222
0.059715
0.248051
0.259586
0.109640
-0.009265
-0.088410
-0.623073
-0.637228
-1.215829
-1.086829
0.175609
0.133671
-0.439291
0.360384
-0.052524
-0.377867
-0.231859
-0.105894
-0.300648
-0.495906
-0.783538
-0.094280
0.097460
0.260472
0.107923
-0.017115
0.001251
0.266257
-0.453588
-0.152784
-0.533084
-0.122748
0.325336
0.362427
0.050949
-0.274793
-0.095033
-0.355392
-0.266013
0.009182
-0.053137
-0.689975
-0.180068
-0.206274
0.041396
0.914620
0.490581
-0.266132
-0.071842
-0.640277
-0.194962
0.071155
0.470721
0.030410
-0.507943
-0.196004
0.298308
0.327489
0.386392
0.076860
0.031802
-0.087041
0.054190
0.113823
0.319147
0.170893
-0.209107
0.180949
-0.216030
-0.455210
0.292175
-0.249915
-0.184805
-0.464111
-0.650691
0.188414
0.168616
0.538255
0.115104
0.177899
0.254122
0.112798
0.162227
0.555730
0.061425
0.327271
1.134979
-0.135116
0.375784
0.034333
0.271999
0.338835
-0.054480
-0.617086
-1.054642
-0.179869
-0.079076
-0.484031
-0.244383
-0.094755
0.762620
-0.009180
-0.434739
-0.188847
-0.050509
-0.405147
-0.048249
-0.152247
-0.137517
-0.181561
0.161539
-0.043729
0.489687
-0.040221
0.525432
0.521071
-0.055365
-0.058002
0.404599
-0.138519
-0.061716
0.027463
0.269385
0.208997
-0.326442
-0.198798
-0.162805
-0.444641
-0.144030
0.059737
-0.188693
0.005651
-0.172632
-0.397025
-0.322692
0.040591
-0.030090
-0.048337
-0.526098
0.078732
-0.170641
-0.547859
-0.353212
-0.086736
-0.536900
-0.426002
-0.612265
-0.192040
-0.171444
0.289052
-0.114016
-0.358067
-0.586777
-0.061968
0.299635
0.048857
-0.404108
0.361362
0.140223
-0.059471
-1.181697
0.767561
-0.803929
-0.473166
-0.441756
-0.137955
-0.189853
-0.228693
-0.240587
-0.156055
-0.022585
0.011465
0.068694
-0.187298
-0.106343
0.897554
1.244519
0.603127
0.382248
0.991599
0.136819
0.058569
-0.442925
-0.357978
-0.205892
-0.339366
1.183193
0.164819
-0.737131
-0.180357
-0.043483
-0.037543
0.393286
0.961072
-0.101862
0.483374
0.511329
-0.515938
-0.423184
0.089993
0.105558
-0.090997
0.107917
-0.063699
0.497345
-0.291609
-0.215844
-0.059953
0.132842
-0.123256
0.266721
0.379694
0.394221
-0.109772
-0.185059
-0.433317
-0.021578
-0.353388
-0.378874
-0.096877
-0.112117
-0.076147
-0.112973
-0.600729
-0.692960
-0.312686
-0.011421
-0.022044
0.358813
-0.035462
-0.036023
-0.694911
-0.736405
1.323617
1.301868
0.052447
0.205763
0.019043
0.047678
-0.236270
-0.201025
0.027240
-0.408775
0.057989
-0.484299
-0.347155
-0.033697
0.193681
0.109451
0.319823
0.055936
0.207584
0.236444
0.052906
-0.016517
0.038143
-0.403156
-0.051000
-0.126366
-0.137777
-0.368148
-0.099784
-0.161162
-0.580705
-0.263983
0.148030
0.720705
1.060902
0.090580
0.242073
0.120263
-0.006258
0.377989
-0.381438
0.032266
-0.061466
-0.230619
0.152295
0.193664
0.151011
-0.153389
0.260047
-0.484931
-0.230324
1.355855
0.252593
0.017260
0.079240
-0.250721
0.199030
0.083241
0.212370
-0.157666
-0.492898
-0.332202
-0.264731
-0.030837
-0.046206
-1.010742
1.314610
-0.080906
-0.218050
-0.598544
1.151938
0.405600
-0.283733
-0.436777
-0.305577
0.445552
0.006731
-0.749173
0.077899
-0.790235
0.115183
-0.225434
-0.473702
-0.526705
-0.155786
-0.330826
-0.277805
-0.237651
-0.166425
-0.067800
-0.382928
-0.212613
-0.111502
0.523624
-0.090630
-0.233324
-0.781374
-0.803217
-0.277558
-0.204710
-0.434894
-0.144478
-0.044577
0.295884
0.008175
0.568969
0.168535
0.150701
-0.172541
0.108318
-0.700109
-0.534319
-0.122565
0.098617
0.356246
0.140325
0.183490
0.807519
-0.011959
-0.146972
0.670220
-0.108910
0.074917
0.642391
0.086996
-0.037231
-0.147565
0.076673
-0.244058
-0.106815
-0.635484
0.180671
0.062357
0.299617
0.019665
0.055239
0.439596
-0.272900
-0.178275
-0.077424
-0.167604
-0.454295
-0.312436
-0.104543
-0.082797
-0.053751
0.096054
0.210633
0.489401
0.069266
-0.523395
-0.215294
-0.058643
0.587482
0.036942
-0.963070
0.134619
-0.798156
0.007905
0.092102
-0.242133
-0.136236
-0.013302
-0.571646
-0.314710
-0.328529
-0.122701
-0.234100
-0.121038
-0.196731
0.002409
-0.606938
0.333936
0.049625
-0.767749
0.147757
-0.090620
-0.087974
-0.089889
-0.138955
-0.099033
-0.148015
-0.059864
0.055031
-0.072452
-0.071079
-0.102962
0.015172
-0.504919
-0.140916
-0.033515
0.201389
-0.294874
-0.512555
-0.314711
-0.310303
-0.229527
-0.685592
0.120653
0.146694
-0.151849
-0.323647
0.877526
0.041070
0.020033
0.157730
-0.247186
0.382376
-0.323719
-0.264669
-0.099898
0.140699
-0.012880
-0.081240
0.285696
0.078800
-0.821808
-0.451599
-0.383973
0.446469
0.078149
0.389219
0.044539
0.198981
0.094405
0.786911
-0.000406
-0.161741
-0.414906
0.385433
-0.362580
0.121751
-0.260545
-0.572780
-0.193092
0.460734
0.515620
0.566694
0.231393
-0.122574
0.063196
0.047583
0.208207
0.249723
0.262862
0.356562
0.920461
0.891475
0.124903
-0.182810
0.119849
-0.464823
-0.154255
-0.555481
1.108862
0.048314
-0.088034
-0.337294
0.047843
-0.217997
-0.037391
-0.229091
-0.166176
0.598240
0.487015
-0.424337
-0.580253
0.197982
-1.126235
0.683771
0.621939
0.586596
0.414332
0.518024
-0.066780
0.643000
-0.216641
-0.235809
-0.419106
-0.346589
-0.073959
0.013057
-0.118625
-0.022270
1.457906
-0.040087
0.858218
0.468995
0.247006
0.063820
-0.148126
-0.358646
0.112598
0.253812
0.786161
0.702990
0.066881
-0.342007
-0.311173
-0.222767
-0.067504
-0.133109
-0.025392
0.118966
0.130603
-0.255927
0.459104
-0.461551
-0.164298
0.296380
-0.180480
0.732058
-0.155204
0.309205
-0.319324
-0.278076
-0.230593
0.017568
-0.169792
-0.198066
0.276180
-0.769526
-0.042289
-0.049825
-0.285804
0.323582
0.032053
-0.130133
1.273067
1.403721
-0.277664
-0.149243
0.474557
0.755395
0.369217
1.209518
0.066732
0.244314
0.088890
-0.066409
0.127545
-0.101729
-0.024081
-0.128545
-0.241802
0.503248
-0.583317
0.253140
0.238238
-0.526322
0.677508
-0.176505
-0.391415
-0.374000
-0.426419
0.147400
0.009830
-0.353566
-0.274997
-0.308827
-0.571370
-0.556048
1.449957
-0.142215
1.377809
-0.509250
0.254160
0.191910
-0.204894
-0.240123
-0.258721
-0.399407
-0.109544
-0.089639
-0.035379
-0.406630
0.128101
-0.108250
-0.136646
-0.119563
-0.890937
0.074140
0.125773
-0.332345
0.079837
0.196764
-0.134858
-0.108250
-0.595524
0.827961
-0.202041
-0.228320
0.351509
0.700583
0.431920
-0.038360
-0.099122
0.349880
-1.021701
0.032893
-0.005512
0.476247
-0.095990
-0.115766
0.248682
0.081505
-0.053522
-0.081770
0.381597
-0.590922
-0.552095
-0.433427
-0.473308
-0.766832
0.597113
0.706458
-0.153188
-0.009197
-0.031511
0.072213
0.172385
-0.065601
-0.159794
-0.312569
-0.189913
0.226780
-0.274439
-0.109620
0.445787
0.455451
-0.400338
-0.596053
-0.242998
-0.227317
-0.271433
-0.686836
-0.217259
0.051858
-0.273682
-0.184043
0.003636
-0.555741
-0.063730
-0.337114
0.016068
0.181443
-0.287267
-0.005242
-0.201841
-0.517037
-0.583104
0.319334
0.197791
-0.380781
-0.118209
-0.285981
-0.248893
-0.188454
-0.059785
0.758388
0.021427
0.176938
-0.855007
-0.312087
0.076931
0.329878
0.812085
0.415912
0.128667
-0.653009
-0.254246
0.362075
0.215467
-0.086718
-0.145193
-0.043435
0.131324
-0.035916
0.120810
0.102624
0.226379
-0.280415
0.194483
0.013422
0.000021
0.055559
0.059130
0.030450
0.013908
0.295581
-0.113110
-0.069931
-0.366586
-0.301730
-0.226292
-0.068689
-0.484280
-0.077723
-0.062607
-0.205691
-0.232398
-0.014072
-0.151512
-0.054076
-0.115813
0.006950
0.127247
0.182886
-0.131607
0.164939
0.230758
-0.400485
-0.029291
-0.001852
-0.043194
0.218533
0.715680
1.001320
0.159438
-0.358156
-0.821694
-0.151634
0.425094
0.607236
0.098277
-0.152251
0.122424
0.687986
-0.278136
-0.109792
0.167441
0.265640
0.599095
-0.485758
0.240277
-0.064202
0.097185
0.364725
0.244653
0.315745
0.549992
-0.804734
0.225327
0.880010
0.784589
-0.175866
0.006437
-0.354409
-0.189690
0.178041
-0.355076
-0.053694
-0.097345
0.144260
-0.247037
-0.552270
-0.105629
0.011093
-0.254650
0.235362
0.020118
-0.034995
-0.353971
0.382272
0.540342
0.664115
0.138782
-0.479082
-0.029814
-0.053535
0.445135
0.404936
0.135876
-0.640421
0.160806
0.334135
-0.006338
0.335941
0.248377
-0.249891
-0.291747
-0.018601
0.276285
-0.078823
0.124124
-0.037101
-0.074921
-0.215128
-0.634938
-0.129499
-0.129837
-0.315055
1.169160
-0.076525
-0.093889
-0.139252
-0.454980
0.330629
-0.264345
0.116276
-0.466533
-0.087773
0.190513
-0.530884
0.053198
1.422678
0.235239
0.206420
-0.071501
-0.076452
-0.203390
-0.424100
-0.296153
0.050515
-0.321397
-0.343670
0.254440
-0.231916
-0.388721
-0.013050
1.283916
0.258078
0.018727
-0.246047
-0.478725
0.129213
-0.012259
-0.318544
0.134333
-0.169819
-0.531067
0.051549
-0.193083
0.110729
-0.433889
0.180112
0.023287
-0.188424
-0.422005
-0.075259
-0.239105
-0.634255
-0.267501
-0.174455
-0.037308
-0.187247
-0.056405
-0.150426
0.055182
0.608803
-0.238434
-0.215716
-0.365845
-0.287061
0.181232
0.237621
0.618786
-0.142512
-0.835688
-0.106307
0.057808
-0.245957
-0.221402
0.216864
-0.049273
-0.094454
0.269260
-0.100007
-0.231664
0.367656
0.455091
0.177170
0.233685
-0.238239
0.562661
-0.123488
0.096849
0.239761
-0.054753
0.096814
-0.336473
-0.412919
-0.182598
-0.569465
-0.000995
-0.120110
-0.060565
-0.590195
-0.682052
0.172654
0.271870
-0.092437
0.112551
-0.065413
-0.135799
0.354859
-0.042069
-0.055586
-0.143750
-0.747979
-0.215409
0.021919
0.089715
-0.100499
-0.179370
-0.205542
-0.206908
-0.051566
-0.069210
0.547913
0.475327
0.293464
-0.058554
0.026962
0.244490
0.027132
-0.387335
0.899540
0.126344
0.611568
-0.064851
0.156061
0.260235
-0.645332
0.149718
1.282894
0.415139
0.243619
-0.492923
-0.026809
-0.179658
0.167733
-0.099991
-0.091148
0.629509
-0.028584
0.134161
0.760382
0.691335
-0.106139
-0.164422
-0.289321
0.089695
0.064924
0.104880
0.076678
-0.316377
-0.029504
-0.171923
-0.019377
-0.031335
-0.327719
-0.066084
0.189406
-0.333669
-0.050073
-0.201269
-0.238322
0.014029
-0.158867
0.567057
-0.087533
0.037613
-0.150958
-0.046240
0.027131
-0.281075
-0.156958
-0.469366
-0.333791
0.750794
0.136635
0.229115
-0.164629
1.034952
-0.099573
-0.051108
0.092439
-0.292999
0.293715
-0.351373
0.089445
0.147482
1.088315
-0.542564
0.158426
-0.279883
-0.058541
0.299513
-0.610089
0.446661
-0.048905
-0.169436
-0.173457
-0.032819
-0.057727
-0.166020
-0.354052
0.066220
0.419283
-0.457560
-0.701279
-0.286235
-0.093240
-0.235990
0.185648
-0.249045
-0.037497
0.198850
-0.335509
0.089260
-0.244654
-0.427890
0.199266
0.854120
0.385520
0.234953
0.032545
-0.104473
-0.221874
-0.490172
-0.358646
0.206396
0.023079
-0.608556
0.442237
-0.055578
-0.256760
-0.358516
0.381377
-0.624444
-0.439467
0.348782
0.605728
-0.172203
-0.358273
-0.107063
-0.238733
0.260121
-0.422686
-0.041111
-0.221145
0.039906
-0.161017
-0.103517
-0.247247
-0.158430
-0.267947
0.234089
-0.542238
0.799728
0.196596
-0.209796
-0.038177
0.165782
-0.463052
-0.057774
-0.035332
0.255613
-0.149472
-0.083170
-0.301551
0.248904
-0.253581
-0.197339
-0.071711
-0.452383
-0.208855
0.010838
-0.121072
-0.753224
0.101635
0.152968
0.063820
0.310525
-0.553902
-0.372066
-0.162961
-0.388601
-0.218211
-1.062558
0.427774
-0.374963
-0.342385
-0.459891
-0.130615
-0.024854
-0.072264
0.674343
0.093182
-0.401525
-0.609073
0.126860
-0.395400
-0.387523
-0.106957
0.004893
-0.239415
-0.049848
0.296793
0.335204
-0.288428
-0.497047
0.024644
-0.173876
-0.306333
-0.175489
-0.191885
-0.071108
-0.460756
-0.102654
0.317160
0.402411
0.797746
0.703108
-0.741489
-0.152522
0.432271
0.932210
1.210138
-0.130508
-0.088347
-0.339833
0.275422
-0.297706
-0.035278
0.634284
-0.307788
-0.142759
0.055302
0.119098
-0.001918
0.058214
1.145348
0.830208
-0.178276
-0.334275
-0.270881
-0.168835
0.304125
0.088174
0.178233
-0.292757
0.151834
0.206721
-0.508145
-0.156048
-0.085410
-0.081692
-0.368958
-0.081602
-0.257147
-0.015765
-0.028773
0.023645
-0.068676
-0.101554
-0.085688
-0.055758
-0.043529
-0.541407
-0.599959
-0.578395
-0.186481
0.010671
-0.117468
-0.139434
-0.431957
0.043248
-0.726597
0.126912
0.102316
-0.059282
-0.443383
-0.737793
-0.175826
-0.098605
-0.086451
-0.528473
-0.464413
0.713363
-0.354135
0.365062
0.469252
-0.066350
-0.167704
-0.033397
0.195588
0.032710
0.326032
0.193969
-0.171427
0.165811
-0.471409
-0.173933
0.711502
-0.366991
-0.143373
-0.698686
-0.157250
-0.395712
-0.226830
0.325798
0.378925
-0.095809
-0.038919
0.018282
-0.166367
-0.135240
-0.191656
-0.360334
-0.431268
-0.048938
-0.441543
-0.353486
-0.254476
0.724735
-0.257615
-0.140817
-0.570398
-0.116619
0.454428
0.061505
-0.054979
0.001218
-0.043569
0.640136
0.012450
1.155052
0.536719
0.016231
-0.289119
-0.359959
-0.204324
-0.483197
-0.214463
-0.230322
0.177471
-0.374341
-0.161167
-0.019142
-0.479486
-0.171949
0.006713
-0.186417
0.104986
0.155370
0.539223
-0.169675
-0.049207
0.642592
0.067594
-0.081260
0.351963
0.667115
1.036698
-0.019159
-0.576215
-0.303947
0.015837
-0.942450
-0.195802
-0.543338
-0.400423
0.204941
0.046046
0.240916
-0.312400
-0.407195
0.370859
0.579237
0.802675
0.086934
-0.265436
-0.549255
-0.640213
-0.326654
-0.224433
-0.868682
-0.150463
-0.108982
0.461125
-0.234173
0.102007
-0.194663
-0.165924
-0.005543
0.651265
0.755628
0.065670
-0.171718
-0.018985
-0.426786
-0.165723
-0.093956
0.354166
1.330509
0.023655
-0.248741
-0.328476
-0.057422
0.286386
0.400882
0.411968
1.311922
1.148667
0.276035
-0.215317
-0.496600
-0.540856
0.233761
0.324552
0.006353
-0.441671
-0.143083
-0.130132
0.472105
0.260291
0.382895
0.724918
-0.598067
-0.474701
0.008900
0.594410
-0.242389
1.348113
0.376599
0.034484
0.095413
-0.094448
0.260454
0.005006
-0.073549
0.054468
0.334697
-0.074337
-0.343012
-0.279833
0.239331
-0.122172
-0.008646
0.063769
0.040729
-0.110539
0.117604
-0.113293
-0.124803
-0.541714
-0.556305
0.026952
0.128188
-0.069403
-0.326457
-0.136386
0.053973
-0.342904
0.002086
-0.075957
0.168255
0.477352
-0.059749
-0.049332
0.183580
0.265583
0.644918
0.023773
0.040937
0.209348
0.331231
0.499618
0.563625
-0.043959
0.203391
0.126920
-0.711474
-0.527084
0.141241
0.321921
0.027606
0.135632
-0.358641
-0.170909
-0.167659
0.382235
0.048818
0.072274
-0.356442
-0.451113
-0.010131
-0.268778
0.131466
0.155347
-0.146974
-0.163982
-0.371848
-0.420989
-0.393903
-0.299647
-0.115401
-0.193848
-0.021948
-0.646837
-0.631323
-0.334560
0.009968
0.193344
-0.206584
0.225013
-0.215678
0.071557
0.210407
-0.543067
0.513216
-0.384298
-0.211079
0.130931
-0.065683
0.073424
1.396679
0.912402
0.212190
0.304064
-0.015208
0.007739
-0.160945
-0.109799
0.137871
0.029681
-0.028063
0.004176
-0.033694
-0.108028
-0.453354
-0.448138
-0.135421
-0.016088
0.131976
0.261736
0.040453
-0.044128
0.521402
-0.281921
-0.154576
-0.227233
-0.438712
-0.306874
0.624280
0.082928
0.137281
-0.388599
0.018363
-0.296088
-0.183924
0.762190
-0.054003
-0.120968
-0.174324
-0.199485
0.120966
-0.252291
-0.482144
-0.236547
0.160606
0.249646
0.340405
0.620403
-0.111216
0.012148
-0.331941
-0.303152
-0.241154
-0.140499
-0.727901
1.042703
-0.384902
-0.122094
-0.270421
-0.589793
0.213742
-0.015801
-0.373148
-0.332006
-0.463178
-0.508237
-0.224062
-0.056677
-0.392376
0.018524
-0.057802
-0.250062
0.133284
-0.055387
-0.463638
-0.395960
0.186584
-0.017795
0.074451
0.338761
-0.246924
-0.367285
-0.184801
-0.241678
0.067467
0.013388
-0.188951
-0.416423
-0.284356
-0.224489
-0.036763
-0.187401
-0.282444
0.142440
0.261737
-0.254089
-0.317919
0.208692
0.342786
0.020159
-0.238424
0.137161
-0.023083
0.148327
0.055468
-0.007521
-0.242249
-0.337586
-0.545746
0.219866
0.436988
-0.016582
-0.041933
1.472918
-0.784909
0.276550
-0.241774
-0.689510
0.067744
-0.049790
-0.123941
-0.097444
-0.331538
0.143485
-0.406307
-0.061757
0.042199
-0.140350
-0.244323
-0.209743
0.197313
-0.164807
0.024651
-0.324570
-0.078734
-0.151735
-0.631395
0.245043
0.286909
-0.389993
-0.400394
-0.510599
-0.638904
-0.296892
-0.047022
-0.003518
1.050022
0.367652
0.251875
0.123347
0.675773
0.084008
-0.532184
-0.101348
0.522113
0.409825
0.613807
0.128350
0.218389
-0.141161
0.136036
0.231899
0.281896
0.453814
0.055938
-0.310427
-0.172666
-0.037672
-0.452026
-0.692057
-0.199194
-0.141410
0.297744
0.530299
0.036146
-0.054916
-0.046972
-0.189133
-0.192087
0.210856
0.216501
0.010021
-0.130088
0.127076
-0.056726
0.272555
-0.027062
0.543969
0.558545
0.015008
0.190936
0.432151
-0.216385
-0.789119
-0.633435
-0.224152
0.123560
0.084113
-0.353532
-0.149230
-0.485294
-0.814117
0.351946
-0.139539
-0.214615
-0.144980
-0.574369
-0.235054
-0.187117
-0.195109
-0.712530
0.038813
-0.058750
-0.037444
-0.635707
-0.229738
-0.336953
-0.396139
0.006670
-0.646427
-0.605688
-0.489142
0.492727
-0.459288
0.345003
-0.295037
-0.639286
-0.016318
-0.145255
0.102054
0.789369
1.551000
0.096503
0.240051
0.377187
-0.103841
-0.149090
-0.219511
-0.271491
-0.050014
-0.346550
-0.068288
-0.293975
-0.220157
-0.504132
0.415438
-0.232960
-0.225275
0.084497
-0.762224
-0.290458
-0.294271
-0.395210
0.353096
-0.197598
0.426078
0.109712
-0.952572
-0.089168
-0.270102
0.224676
-0.188160
-0.071662
-0.157154
-0.074110
-0.009397
-0.304999
-0.094115
0.006439
-0.157520
-0.310960
-0.164442
-0.261892
-0.266112
-0.091902
0.605550
0.105370
-0.043958
0.121687
-0.122228
0.037478
-0.074757
0.184975
-0.683248
0.566741
0.014794
-0.103261
-0.220812
-0.166363
-0.145840
0.623395
0.505700
-0.237382
-0.541733
0.044838
-0.206925
0.225840
0.599098
1.165196
0.436948
-0.424580
-0.673079
-0.208522
0.045997
0.061969
0.263106
-0.343202
-0.307627
-0.309924
0.003768
0.115774
-0.163068
0.218592
-0.047120
1.172072
0.414966
0.079573
-0.452454
-0.063718
-0.006678
-0.213167
-0.100198
-0.345873
-0.041638
0.085688
0.186655
-0.226392
-0.036232
0.264307
-0.647569
-0.668442
-0.108568
-0.051659
0.107201
0.008895
0.043532
0.009723
1.132530
0.301951
-0.011278
-0.328634
-0.099722
-0.329899
-0.096763
-0.181091
-0.151548
-0.219084
0.358612
-0.150712
0.107085
-0.904608
0.049592
-0.161167
-0.507027
-0.339662
0.517799
-0.407290
-0.244526
0.578634
0.695989
0.519470
-0.036480
-0.274758
-0.230522
-0.028959
-0.296884
-0.202081
-0.082777
-0.517187
-0.135004
-0.066728
0.125015
-0.161739
-0.589065
0.281317
0.273882
-0.077512
-0.403885
-0.230227
0.208603
-0.266781
0.230914
1.542425
0.410188
-0.027508
0.338545
0.129856
-0.344785
-0.182077
-0.046996
0.449779
0.546206
-0.184114
0.173894
0.477866
1.153158
0.156119
0.062516
-0.134018
0.231445
0.410871
-0.006531
0.461175
0.288554
-0.327031
-0.071021
-0.118375
-0.091583
-0.563752
0.341684
-0.074201
-0.127054
-0.178698
0.019217
0.082148
-0.305904
-0.075725
0.832892
-0.530181
-0.173531
-0.158103
0.244795
0.293799
-0.321084
-0.254824
-0.505646
0.405741
-0.123503
0.251348
0.414506
0.258784
0.040382
-0.210329
-0.512745
-0.364527
-0.017235
-0.068140
-0.100352
-0.037748
-0.091729
0.649350
0.273620
0.915899
-0.632112
0.163856
0.636873
-0.323650
-0.433910
-0.053894
-0.187817
-0.073376
0.421463
0.028653
0.518634
0.146144
1.292807
-0.016155
-0.010014
-0.077183
-0.135069
0.332298
0.098413
-0.624229
-0.447778
-0.273080
-0.181384
-0.051571
0.190510
0.055624
-0.034608
-0.308766
-0.678206
-0.605200
-0.684286
-0.683678
-0.302731
-0.073669
0.490037
0.111774
0.997730
-0.012023
-0.170464
-0.031023
-0.017142
-0.345414
-0.308512
-0.132751
-0.011357
-0.202751
-0.406973
0.322689
0.392486
0.204417
-0.548080
-0.096432
0.046644
-0.214179
-0.069363
0.422587
-0.527163
-0.046062
-0.010852
0.539270
-0.171819
-0.294639
-0.390526
0.129007
1.302597
0.155510
0.043092
-0.075579
-0.183628
-0.448216
-0.195876
1.071246
0.427930
0.628337
0.165239
0.155732
-0.309264
1.588580
-0.189555
0.085284
-0.067270
0.115242
-0.236640
0.587489
0.386032
0.052084
-0.019973
-0.014496
-0.197833
0.129444
-0.090284
0.014774
-0.030489
-0.009397
-0.643958
-0.000373
-0.316180
-0.487434
-0.466648
-0.489095
0.632530
0.546209
-0.097966
-0.329470
-0.470681
0.042132
0.253350
0.160150
0.432716
-0.126884
-0.320699
-0.222181
0.228625
-0.191128
-0.081927
-0.669732
-0.393031
-0.114791
0.184072
0.642124
0.993731
-1.085792
-0.638526
0.483083
-0.297466
-0.315448
0.513693
-0.143903
-0.472204
-0.001071
-0.156245
-0.607075
-0.743932
0.042858
-0.733851
1.297993
0.374004
0.019609
0.041087
0.155022
-0.064297
-0.174250
0.378642
0.119430
0.007433
0.400285
-0.236081
-0.259187
0.244124
-0.014162
-0.147901
-0.233448
0.201376
-0.264602
-0.262054
-0.062054
0.031825
0.039844
-0.170756
-0.100654
0.591579
0.796720
-0.074265
-0.317701
-0.528903
-0.321630
-1.003016
0.036689
-0.006187
-0.458296
-0.328743
0.255305
0.750131
1.213554
0.264917
-0.044192
0.260976
0.750008
-0.292992
0.051269
-0.540495
-0.188597
0.046902
-0.525128
0.125849
-0.444772
0.648596
0.953755
0.864299
0.037030
0.366833
-0.515002
-0.184952
-0.149519
0.227191
0.089853
-0.117009
0.213507
-0.062512
0.354479
-0.038226
-0.055393
0.001553
-0.189574
-0.718375
-0.422052
-0.116305
-1.115372
-0.282272
-0.018897
-0.378248
-0.843847
0.078117
-0.171602
-0.137808
-0.084627
0.257136
-0.204669
0.120432
0.072559
-0.156654
0.244734
-0.107307
0.053115
-0.042607
-0.226072
-0.127783
-0.214315
-0.535185
-0.160382
-0.076087
-0.024458
0.129749
0.032590
0.067197
-0.037937
-0.094519
1.212037
-0.078911
-0.186069
0.446614
-0.121128
0.334647
1.300940
0.036276
-0.219820
-0.040820
-0.072920
0.371615
1.302823
1.000850
0.795992
-0.328713
-0.430786
-0.010209
-0.079295
-0.003853
-0.064202
0.036719
-0.079149
-0.178458
-0.088476
-0.217297
-0.170334
0.080778
-0.108378
0.041094
-0.048294
0.001308
0.329956
-0.150240
0.131174
-0.047949
-0.698618
-0.073683
0.461401
0.194309
-0.978364
-0.120242
-0.218454
-0.123966
-0.011414
-0.272758
-0.262315
-0.152530
0.383731
-0.115856
0.004117
0.216692
-0.013454
0.020002
-0.301053
-0.370235
-0.017500
-0.454888
-0.699141
-0.378724
-0.671641
0.014497
-0.116759
-0.090326
-0.125743
-0.053200
-0.380892
-0.128130
-0.366803
-0.764114
-0.435305
-0.320929
-0.419116
-0.452456
-0.082386
-0.218671
-0.530178
-0.066670
-0.068220
-0.132117
0.217217
0.120333
-0.112349
-0.697895
-0.207899
-0.488584
-0.143898
-0.177114
-0.133390
0.220486
0.674078
0.209365
0.680948
0.605408
-0.266698
0.182460
-0.381726
-0.032389
0.472489
0.580071
1.568846
0.579266
0.260395
0.851924
-0.082568
-0.165269
0.314347
0.454421
0.106587
1.305496
-0.754495
0.010795
0.015791
-0.335133
-0.129487
-0.396636
-0.387870
-0.016809
-0.230143
-0.011639
-0.200211
-0.532642
-0.516424
0.005756
-0.030321
-0.249366
0.246639
0.022187
-0.117643
-0.121460
0.037873
0.385962
0.314058
0.357624
-0.256835
-0.051039
-0.163373
0.186726
0.307972
0.219864
-0.082071
0.255586
-0.135398
0.524206
-0.106399
-0.142329
0.021712
-0.262927
-0.115773
0.205045
0.048760
-0.221030
-0.326079
0.072189
0.177603
-0.346556
0.121482
0.914913
0.061136
-0.127315
-0.103955
-0.121879
0.144045
0.533467
-0.189503
-0.141712
0.072903
0.095558
0.100758
-0.042035
-0.070389
0.573977
-0.290075
0.349878
-0.257352
0.081336
-0.194555
-0.684636
0.315700
0.458762
0.211532
-0.113151
-0.078258
0.484855
0.498708
0.052726
0.397832
0.863086
0.702538
-0.346211
-0.272995
-0.201103
-0.237056
0.143025
-0.077787
0.037812
-0.133540
-0.019117
-0.146548
-0.533817
-0.471446
0.045494
0.038676
-0.367168
-0.285860
-0.263050
0.271665
-0.090844
-0.179498
-0.192284
0.014734
0.311829
-0.064293
-0.039172
-0.284947
-0.118319
-0.077622
-0.038227
-0.232997
0.158695
0.391986
0.068384
-0.265623
0.040676
-0.279895
-0.477720
-0.610965
-0.085905
-0.067687
-0.293988
0.039090
0.041160
0.461953
0.115958
0.575359
-0.006691
-0.074159
-0.175202
-0.430301
-0.284917
-0.202053
-0.191591
-0.279348
-0.212644
-0.726482
-0.238018
0.689927
0.323291
0.094138
-0.469878
-0.032103
0.171638
0.012756
0.269306
-0.306284
-0.337241
-0.655998
-0.731057
-0.047466
-0.185756
-0.051427
0.114578
-0.038642
0.252565
0.393713
-0.420209
0.140621
-0.258365
0.505931
1.293344
-0.278212
-0.361651
-0.254548
-0.156182
-0.139774
-0.359611
-0.040141
-0.157148
-0.040418
0.303415
0.005500
-0.010490
0.059800
-0.057075
0.070766
-0.421138
-0.183515
0.014802
-0.023580
0.893856
-0.254089
0.340705
-0.627658
0.299687
0.032848
-0.383998
-0.074815
0.184199
-0.547103
0.109942
0.082636
-0.102747
-0.323620
-0.139557
-0.075538
-0.549603
-0.385182
-0.265766
0.125123
-0.321032
0.070821
-0.178212
0.225931
0.073783
-0.287476
0.361290
0.607697
-0.177217
0.020134
0.037731
0.141227
0.191096
0.026645
0.318163
0.198185
-0.036297
-0.178567
-0.066366
-0.035991
0.188456
-0.020389
-0.129500
-0.014078
-0.084882
-0.050112
-0.038465
-1.230905
0.038261
-0.006447
1.201880
1.330086
0.682913
-0.198486
-0.379457
-0.044746
-0.360087
-0.170815
-0.184419
-0.433725
0.206184
0.020469
-0.435296
-0.313880
-0.104951
-0.178415
-0.106412
0.199198
-0.193307
-0.146074
0.156683
-0.111971
-0.150940
-0.243559
-0.014488
-0.662037
0.208985
0.371034
-0.162238
0.651142
0.133055
0.291914
-0.113472
0.102276
0.592437
-0.376526
0.198295
-0.143649
-0.213819
-0.319118
-0.092743
-0.237761
0.048336
1.029236
-0.115884
0.541933
-0.319920
-0.386184
-0.129250
-0.035453
0.187689
-0.146430
-0.046679
-0.113360
-0.241427
-0.471700
-0.134639
0.027193
-0.077327
-0.636237
-0.185950
-0.191847
-0.110815
0.913249
0.814845
-0.189653
-0.196010
-0.445152
-0.567862
0.066471
-0.103584
-0.424468
0.325481
0.099950
0.086349
-0.224496
0.017626
-0.467057
0.033053
0.064060
-0.132453
-0.241325
0.370142
-0.175500
0.176524
-0.078556
-0.018770
-0.078808
0.126358
-0.120770
0.015747
-0.104968
-0.350025
-0.174610
-0.076091
-0.068390
-0.069122
0.401701
-0.060493
0.227671
0.186114
0.260463
-0.075752
-0.191587
-0.334999
-0.062468
-0.329052
-0.176290
0.218436
-0.178895
-0.451000
-0.110282
-0.075830
-0.077585
-0.210021
0.337362
0.222826
0.297615
-0.100300
0.019508
0.076653
-0.142792
-0.174372
-0.148538
-0.085954
0.018747
-0.011450
0.045449
