-0.247579
0.451615
0.288282
-0.187211
0.212569
-0.272419
0.106674
0.136458
-0.044275
0.592903
0.203653
0.092854
-0.052508
-0.069532
-0.051674
-0.183978
-0.297209
-0.517725
-0.527835
-0.285407
-0.043070
-0.047640
-0.493083
-0.061422
-0.707203
-0.058821
0.057533
-0.400903
-0.211061
-0.044723
1.003301
-0.011648
0.013900
0.010347
0.023155
-0.246205
0.124917
-0.279990
0.430282
0.199268
0.045200
-0.234642
0.066882
0.160916
-0.045925
-0.202494
0.136180
0.190425
-0.549113
-0.457197
0.122928
0.030766
-0.209855
-0.114940
-0.060343
-0.295105
0.060630
0.272861
0.107786
0.043527
-0.059504
0.090538
-0.105745
-0.065148
0.048664
-0.468444
0.022734
0.649692
-0.006990
0.045105
-0.055817
0.115097
0.518561
0.031608
-0.031027
-0.539975
-0.286350
-0.127423
0.180815
-0.053736
-0.249206
0.274201
0.469242
0.338112
0.095813
-0.057939
-0.055704
0.098434
-0.021786
0.015774
0.064950
0.047963
0.054164
0.012741
0.041603
0.046778
0.175365
0.048123
-0.054728
-0.042900
-0.263429
-0.036635
-0.081204
0.108047
-0.194335
-0.193171
-0.226410
-0.055803
-0.217620
0.017026
-0.134283
-0.169050
-0.129662
-0.052594
-0.387411
0.104068
0.680702
0.566012
0.118255
0.024638
0.148694
0.038924
0.205227
0.024892
-0.260229
-0.000585
-0.343539
0.159641
0.495912
0.184747
-0.181479
-0.107230
0.106603
0.350681
-0.266096
-0.021319
0.019518
0.001236
0.104760
0.199954
0.018640
0.201354
0.170197
-0.076106
0.195522
0.084177
-0.349425
-0.011169
0.025884
0.433104
0.382136
-0.031315
0.206556
0.040738
0.013629
0.206943
0.228773
0.282783
-0.016247
0.138865
0.170515
-0.344871
-0.026857
0.118584
-0.043563
-0.245684
-0.013236
0.048701
-0.297872
-0.076752
0.539994
0.083070
0.023313
-0.202320
-0.460353
-0.210529
0.023558
-0.069520
0.094651
-0.446940
-0.369727
-0.191290
0.028587
-0.056684
-0.007976
0.774683
0.163503
0.060356
-0.015795
-0.013744
0.146082
0.967804
0.018536
-0.133832
0.010895
0.054753
-0.010852
-0.149572
0.032084
-0.217586
-0.066563
0.372436
0.000971
0.412993
0.005173
-0.166487
-0.619554
-0.177204
0.083204
-0.303559
-0.165095
0.052435
0.015725
-0.070182
-0.117239
0.142925
-0.129584
-0.468877
-0.089156
-0.099712
-0.050361
-0.030059
-0.003828
0.538029
0.031812
0.051754
-0.081185
-0.513979
-0.008549
-0.124618
-0.222218
-0.013902
-0.100909
-0.183929
0.082417
-0.171344
-0.256239
0.114979
0.045502
0.062777
-0.252988
-0.138416
0.072148
0.193067
0.055486
-0.119504
0.058166
0.172566
-0.008908
0.184454
-0.048478
-0.275064
0.093689
-0.424361
-0.392204
-0.541342
-0.437235
0.006350
-0.097597
-0.211899
-0.242908
0.355328
-0.037391
-0.396472
0.153822
-0.070906
0.093614
0.056990
0.004290
1.045991
-0.138918
-0.247751
-0.087561
0.454118
-0.026843
0.180819
-0.228741
-0.114120
-0.354846
-0.034371
-0.403379
0.361809
-0.130494
-0.369537
-0.025311
-0.105103
0.119856
0.628966
0.837518
0.020914
-0.545082
0.019237
0.160002
0.331928
0.393835
0.392288
-0.738385
0.235857
0.073405
-0.085255
0.016271
0.279563
-0.596896
-0.329742
-0.009246
0.011296
-0.433666
-0.212153
-0.318415
-0.133847
-0.093141
-0.429897
-0.030291
0.178374
0.044390
0.248856
0.053342
-0.041143
0.019121
0.093470
-0.087695
-0.112627
-0.115046
-0.016996
0.119935
-0.068194
-0.049099
-0.437167
-0.201015
-0.186583
0.058937
0.052229
-0.155307
-0.067622
0.084754
-0.139491
-0.009375
-0.224401
0.088441
0.086121
0.100769
0.375197
-0.020580
0.135113
0.028356
0.195663
-0.071472
-0.326687
-0.023133
-0.138416
0.045199
-0.078106
-0.206019
-0.304194
0.173830
0.422731
-0.256700
0.004751
0.117279
0.307838
-0.184648
-0.049523
-0.026421
-0.121365
-0.046301
-0.243892
0.021315
0.024616
-0.045014
-0.213036
-0.057667
-0.445739
0.050841
0.538015
1.108373
-0.385349
-0.036692
-0.037751
-0.009250
0.033008
-0.313776
0.298647
-0.040515
0.471883
0.108289
0.146632
-0.113991
-0.165855
-0.131615
-0.271307
-0.085016
-0.008045
0.059223
0.230777
-0.035676
0.668183
0.058963
-0.043992
-0.051411
-0.131104
-0.035739
0.027976
0.039319
-0.310835
-0.392553
-0.481837
0.200894
0.595757
-0.510803
-0.227334
0.220813
0.941053
0.040375
0.479690
0.034487
0.092737
-0.006468
-0.106859
-0.000962
0.104511
-0.068182
-0.071522
0.571818
-0.364444
0.090160
-0.043932
-0.056171
0.052288
0.025627
-0.061948
-0.425060
0.277416
0.378059
0.180172
-0.003828
-0.051685
-0.053907
0.043310
-0.013426
0.046057
-0.033951
-0.544125
-0.092604
-0.078462
0.288776
0.162616
0.081999
0.045689
-0.197827
-0.530698
-0.050866
-0.018929
-0.195203
-0.040514
-0.270625
-0.281377
-0.075638
-0.064000
0.419510
0.486920
0.687312
-0.273542
0.365584
-0.286412
-0.198764
-0.218989
-0.361404
-0.281001
0.187119
0.001749
0.350325
0.025939
0.084898
-0.257085
-0.007381
-0.149853
0.204301
0.576911
-0.162476
0.024794
0.073900
-0.189415
0.009960
0.279247
0.625838
0.240544
-0.012634
0.323232
-0.151519
-0.022967
-0.241502
0.364761
0.275327
-0.049291
-0.100099
0.688633
0.280063
0.092702
-0.077547
0.142766
-0.202468
0.189992
0.206415
-0.084375
-0.060612
0.095805
-0.343393
-0.032398
0.266364
0.462684
0.146610
-0.054167
0.640419
0.136111
-0.531797
-0.187350
-0.095513
0.049485
-0.064729
0.076316
-0.268207
0.254015
-0.347704
-0.293582
-0.100484
-0.018134
0.095109
0.016049
0.051647
-0.012251
-0.079103
-0.121235
-0.179104
-0.275327
0.162012
-0.052356
0.343263
0.126705
0.233254
0.354846
0.171622
-0.105872
-0.111854
-0.097313
-0.057555
-0.092104
-0.187174
-0.322779
-0.303582
0.186192
0.022501
-0.004714
-0.013870
0.045705
-0.061820
0.057805
-0.423406
-0.107411
-0.150991
-0.244854
-0.300226
-0.037948
-0.077965
-0.376740
-0.109978
-0.420873
0.029445
-0.059313
-0.434682
-0.267046
-0.500264
0.026448
-0.298596
-0.265319
0.015663
-0.027590
0.836552
-0.038527
-0.151586
-0.418174
-0.316979
-0.067045
0.092161
0.167667
0.154994
0.126622
-0.322431
-0.356576
-0.140826
-0.093368
0.231072
0.057441
-0.159655
-0.097568
0.055628
0.034959
0.106772
0.056330
-0.001434
0.106614
0.047896
0.033623
-0.271809
-0.086702
1.039345
-0.252965
-0.036463
-0.353271
-0.128406
-0.094057
0.177773
-0.192996
0.222073
0.160490
-0.084070
0.962055
0.062449
-0.111547
0.257255
0.040540
-0.274325
-0.092668
-0.049377
0.551014
-0.156650
-1.015724
-1.003676
0.429064
-0.181270
-0.201561
-0.051739
0.030907
-0.039839
-0.083010
-0.027867
-0.513134
-0.122085
-0.104302
-0.045405
-0.128437
0.050191
-0.181114
0.115714
0.043256
-0.131672
0.113075
-0.376406
-0.311128
0.211196
-0.190840
0.498900
0.434219
-0.162025
-0.032529
0.190713
0.074184
0.115667
-0.063351
-0.024790
0.327729
-0.090978
0.240062
0.078067
-0.034662
-0.080710
-0.013727
-0.142239
-0.036867
-0.268047
-0.338873
0.284072
-0.329682
-0.538429
-0.249555
0.039637
0.020168
0.070877
0.515821
0.318668
-0.034497
-0.019968
-0.088791
-0.139885
0.407520
-0.327459
-0.200724
-0.205756
-0.220432
-0.357815
-0.073223
0.046733
0.007779
-0.088278
-0.019743
-0.165474
-0.142988
-0.067836
-0.014636
-0.138099
-0.143574
0.081044
0.500896
0.167391
-0.264063
-0.466917
0.083520
-0.579152
-0.171105
-0.016990
0.080691
-0.088064
0.056595
-0.051253
-0.005819
-0.080946
-0.143651
-0.177180
-0.081266
-0.084278
0.025615
0.158770
-0.095393
-0.002258
-0.092860
-0.104649
0.022093
-0.112078
0.431474
-0.136074
1.082736
1.055265
-0.265760
-0.034730
0.418456
0.022549
-0.026085
-0.232091
-0.074902
-0.099175
0.174588
-0.313801
0.044079
-0.020984
0.130081
-0.115597
0.443099
-0.133615
-0.214915
-0.579141
-0.157696
0.277472
0.170178
0.821648
0.150086
0.026461
0.048701
0.098912
-0.285490
-0.271658
-0.242834
0.076209
0.131734
0.287016
-0.225465
-0.464575
-0.466802
-0.352377
-0.314198
0.762421
-0.397018
-0.087374
0.054608
0.423764
-0.235665
0.170742
-0.086106
-0.000923
-0.095751
-0.091388
-0.118000
0.048361
-0.561950
-0.117185
-0.274608
-0.136744
-0.039464
-0.018746
0.036939
0.032780
-0.042808
-0.013588
-0.247602
-0.419718
0.748783
0.624970
0.511353
-0.092487
0.206089
0.368475
0.239224
-0.153429
-0.256074
-0.038012
-0.002584
-0.356234
-0.253233
-0.095399
-0.200123
0.449468
0.392114
-0.269240
0.095281
-0.023688
-0.063782
0.067883
0.133516
-0.287293
0.345274
0.054950
-0.295966
0.329428
-0.026647
-0.015337
0.148453
0.663337
-0.314911
-0.448833
-0.373451
0.045390
0.132754
-0.617532
0.196066
0.123148
0.181037
-0.071841
-0.087515
-0.108933
0.073395
-0.021039
-0.182067
-0.075087
-0.069490
-0.068876
-0.298899
-0.020552
-0.075357
0.070548
0.848885
-0.240560
-0.290309
0.001129
0.107989
0.057892
0.026643
-0.016173
-0.155881
-0.017079
0.003862
0.858414
0.608200
-0.082579
-0.201788
-0.046580
-0.073300
0.006693
-0.108321
-0.046440
-0.130820
-0.083796
0.344597
-0.145274
-0.227786
-0.085847
0.223462
-0.272434
-0.148586
0.015857
-0.135127
-0.162573
-0.203832
-0.332297
-0.110855
-0.250262
-0.211134
-0.229105
0.016287
-0.165407
-0.112823
-0.070069
-0.380524
-0.297628
0.068688
-0.146446
0.070865
0.027104
0.051259
-0.038178
-0.259181
1.060437
1.044138
0.053736
0.217908
-0.025577
-0.133960
-0.207479
-0.268498
-0.113499
-0.105040
-0.040178
0.256014
-0.196829
-0.133404
-0.118676
0.210676
0.614122
-0.039446
-0.041509
-0.073301
-0.450281
0.080885
0.529965
0.219315
-0.221233
-0.099948
0.021902
-0.195690
-0.217037
-0.023251
-0.235533
-0.202874
0.827287
1.006254
-0.128943
-0.096043
-0.026130
-0.318197
-0.123343
0.399807
-0.111739
-0.634664
-0.130278
-0.101860
0.161859
0.108045
-0.067421
-0.116801
-0.118641
0.009252
-0.018224
-0.095659
-0.261785
-0.002059
-0.022613
-0.116093
-0.018253
-0.012602
-0.192741
-0.116566
0.539954
-0.078555
-0.149956
0.057160
-0.073225
-0.147658
-0.347051
-0.485457
-0.243046
-0.053420
0.232458
0.035381
0.236983
-0.045097
-0.076799
-0.176959
0.326903
0.066248
0.013205
-0.058625
-0.914678
0.209830
0.400495
-0.101166
-0.041101
1.293828
-0.109171
0.211087
-0.041811
-0.050736
-0.539624
0.190307
0.017072
0.590014
0.031147
-0.095065
0.170499
-0.002205
0.132060
-0.039535
-0.635671
-0.209864
-0.112591
-0.210635
-0.049871
-0.576199
-0.615105
0.073728
0.010530
1.042264
0.157973
-0.085693
0.177188
-0.214639
-0.145722
-0.039763
-0.104389
-0.361296
-0.172555
-0.418802
-0.114934
-0.178653
-0.039206
-0.065753
-0.125645
-0.294659
-0.255607
-0.643659
0.104792
0.076513
-0.143197
-0.259754
-0.022692
0.038378
0.012434
0.222776
0.977583
-0.395072
-0.029778
0.016565
0.147653
-0.030143
-0.176955
-0.301303
-0.861323
-0.223646
0.251147
0.209587
0.124187
-0.715487
-0.389219
-0.315820
-0.001850
0.447936
-0.114784
-0.139700
-0.194952
-0.168218
-0.132936
0.861411
0.323184
-0.313925
0.167378
-0.401768
0.232267
-0.182542
-0.212635
-0.432982
-0.593768
0.297558
-0.184835
-0.603341
0.080493
0.125484
0.093316
-0.192028
0.372981
-0.156877
-0.096487
0.023981
0.078414
-0.203601
-0.288408
0.573232
0.069655
0.029394
0.217437
0.163570
0.166910
-0.060525
0.485813
-0.045563
0.145555
-0.050321
0.205089
-0.156671
0.280625
0.607307
0.956026
0.189745
0.401765
0.003496
0.077730
-0.118229
-0.013480
0.337630
0.328444
1.102512
0.128039
0.237517
0.014519
0.683779
1.154479
0.297899
-0.060455
0.173249
0.016671
-0.483046
-0.207172
-0.419321
-0.106950
0.042768
-0.207443
-0.672741
0.333186
0.226511
0.222697
0.473862
0.400340
-0.215731
-0.040303
-0.329492
-0.284785
-0.111534
0.026909
-0.183267
0.159242
0.059007
0.003673
-0.110789
0.146464
0.575339
0.532308
-0.110429
0.085362
-0.032384
-0.348482
-0.576460
-0.408795
-0.419767
-0.242642
-0.444332
0.028178
-0.132296
0.423471
-0.129170
0.162035
0.045390
-0.289291
-0.086407
0.022801
0.117343
0.204027
-0.098702
-0.512245
-0.708523
-0.040610
0.325541
-0.277623
0.189633
-0.018794
0.808190
0.287572
0.333824
0.140948
-0.031816
-0.081318
0.484092
-0.040766
-0.059991
-0.177921
-0.251474
-0.242747
0.028941
-0.088379
0.749350
0.114961
0.056681
-0.105408
0.286350
0.514430
0.074224
-0.051051
-0.143052
-0.123453
0.203616
0.142680
0.248877
0.385956
-0.210723
0.173810
0.300543
0.130218
-0.233412
-0.273259
-0.122380
-0.197696
0.000102
-0.350497
-0.016609
-0.367774
-0.014325
1.355822
0.525759
0.317123
-0.076287
0.088268
-0.178164
-0.181134
-0.268762
-0.541812
0.392320
-0.067541
-0.339937
-0.185171
-0.308121
-0.152090
-0.385362
0.210504
0.083781
-0.207559
-0.436821
-0.044041
0.777806
0.153005
0.102544
0.548075
0.001829
-0.673988
-0.327625
0.677854
0.042742
-0.141762
-0.127781
0.983250
1.079131
0.049200
0.067546
-0.138318
-0.030209
-0.357526
-0.351066
0.142650
-0.157290
-0.000852
-0.034918
0.102746
0.045468
0.144519
0.119916
0.218781
0.179157
-0.139314
-0.129600
1.172574
1.325094
0.137348
-0.115649
0.351694
0.297614
0.135883
-0.030204
-0.017879
-0.037945
-0.007254
0.398197
0.256541
-0.084786
0.001549
1.053809
0.096273
0.205819
0.118357
0.063565
-0.050706
0.159613
0.062222
-0.305490
-0.344669
0.034695
0.150983
0.384473
-0.476329
-0.452065
-0.201432
-0.016352
0.028546
0.032337
-0.248962
0.127026
0.268774
0.005090
-0.014954
-0.070639
-0.006992
0.162724
-0.058542
-0.041424
-0.151518
-0.111630
-0.076629
1.122879
-0.224666
-0.274928
-0.637512
-0.041617
-0.149635
0.208182
0.010924
0.361697
0.877739
0.101193
0.082644
-0.016240
0.034504
0.577057
-0.044271
0.642951
-0.136941
-0.235680
-0.080189
-0.116486
-0.053111
-0.082696
0.075446
-0.232667
-0.307434
-0.242387
0.030558
-0.075939
-0.181461
-0.204269
-0.421722
0.152747
-0.409160
-0.509473
-0.087967
-0.576000
0.101921
0.634930
0.609071
0.256465
-0.241440
0.313855
0.313074
0.132910
0.381595
-0.187880
0.164747
-0.380168
0.104355
0.323089
-0.497278
0.099510
0.263593
1.190458
-0.128523
0.129499
1.166776
0.268103
-0.202688
-0.321405
0.083163
-0.212793
0.233925
0.189506
-0.398199
0.212466
-0.089089
-0.493915
0.029053
-0.244971
-0.365366
-0.289089
0.050460
-0.442795
0.100907
0.022226
-0.181538
0.058262
-0.333559
-0.364632
-0.330220
-0.456166
0.201718
0.844650
0.934319
1.299603
0.100150
0.370565
0.161846
-0.106574
-0.003251
-0.262978
0.054064
-0.271459
-0.201990
-0.253991
0.018757
-0.055390
-0.024318
-0.361845
-0.416390
0.136039
-0.153984
-0.225226
-0.113581
-0.192218
0.040821
-0.121632
-0.060091
-0.037782
-0.251506
-0.160441
-0.275353
-0.144351
-0.421191
-0.415974
-0.125801
-0.033771
-0.206372
0.034606
0.685199
0.066430
0.087006
-0.247430
-0.023709
-0.051031
0.329727
0.274613
1.237498
-0.292387
0.100397
0.089575
0.121110
0.163800
-0.113224
-0.158128
0.589330
-0.145475
-0.256433
0.077226
-0.266888
0.007052
0.169771
0.207186
-0.236523
-0.213497
0.109388
0.001366
-0.147209
0.002220
0.075731
0.106671
-0.123499
-0.327239
-0.086543
-0.356570
-0.247523
-0.249054
0.181043
-0.073484
0.134474
0.308408
0.485219
-0.001585
-0.203958
-0.326778
-0.135388
-0.084087
-0.222173
0.184187
0.390388
0.379304
0.083008
-0.199031
-0.343060
0.085384
-0.218991
0.166338
-0.212840
-0.611734
-0.137618
0.499602
-0.140402
0.147242
-0.544238
0.083016
0.205750
0.347660
0.462657
-0.275456
0.877035
0.213479
0.165401
-0.250866
-0.337330
-0.533958
-0.160545
0.393393
0.870593
-0.029004
0.117383
-0.125386
-0.021202
-0.041497
1.339887
1.231498
0.363362
0.030156
-0.038271
-0.062107
-0.154614
-0.173977
-0.081546
-0.083330
0.026135
0.447717
-0.118014
0.106521
0.069444
0.586515
0.417615
0.250583
-0.229675
-0.142266
0.107096
0.302905
-0.148863
-0.078484
-0.075082
-0.156297
0.345658
0.217075
0.256689
0.247782
-0.320602
-0.269550
-0.458588
0.187593
-0.453072
-0.005235
0.348462
-0.068007
-0.178956
0.849582
-0.094922
0.475446
-0.073155
-0.095555
-0.534312
-0.025829
-0.161024
0.926050
-0.019761
0.290402
-0.157966
0.193715
-0.001976
0.009157
-0.359388
-0.080932
-0.090494
-0.267107
-0.336863
-0.191994
-0.094695
0.226761
0.103957
0.226925
-0.368383
0.417380
0.262788
-0.292565
0.256207
-0.002027
0.180696
-0.352511
0.083509
0.202527
-0.173068
-0.241658
-0.471537
-0.083264
-0.443461
0.312272
0.016693
0.613602
0.525806
0.092211
-0.435575
0.750033
-0.321970
-0.082423
0.472047
-0.565787
-0.324016
-0.124021
-0.104115
0.195200
0.435554
-0.026597
-0.015728
0.182503
0.044684
-0.029804
-0.010707
-0.077527
-0.427200
0.125497
0.657731
-0.084931
0.301325
-0.409177
-0.184598
0.007442
0.258576
0.053129
0.110827
0.018730
-0.244967
0.297562
-0.179202
0.430149
0.021532
-0.054456
-0.076255
0.066753
-0.461005
0.014372
-0.293490
-0.026029
0.382924
0.152426
-0.489259
0.361100
0.019268
0.075547
-0.078612
-0.238404
-0.013321
0.393962
-0.206517
0.556038
-0.384670
0.417738
0.347439
0.149893
0.016601
0.189515
0.298884
-0.532746
0.542303
-0.174014
-0.217746
0.575743
0.013079
0.025492
-0.534940
0.103682
-0.026212
0.062075
-0.257489
0.051969
0.270218
-0.317420
0.077887
-0.406107
-0.064093
0.001615
0.040856
-0.413027
0.000111
0.101618
-0.461511
-0.013772
0.015057
-0.728983
0.268818
0.407450
0.056020
0.057790
0.019813
0.101567
-0.402904
0.428007
0.216741
-0.018372
0.062344
0.060920
-0.259012
-0.138886
-0.210954
0.033272
0.374079
0.949587
-0.044302
0.413868
-0.146856
-0.253347
0.029892
-0.216397
-0.077066
0.241123
0.059953
0.140337
0.338493
0.795605
-0.152588
-0.370550
0.035359
0.376963
0.044335
-0.457627
-0.329628
0.084080
0.296851
1.161652
0.327285
-0.216703
-0.122946
-0.021221
-0.069820
0.299270
-0.151043
0.136419
1.147177
0.196503
-0.356377
-0.071589
-0.128767
0.423819
-0.240633
-0.118284
0.579033
-0.337394
0.257034
-0.450356
-0.192354
0.067001
0.458053
-0.566879
-0.422718
0.033946
0.189540
0.079344
-0.142303
-0.363878
-0.124801
-0.204218
0.088530
-0.112708
0.052921
-0.172823
-0.072136
-0.341218
-0.320014
0.401572
0.267308
0.160584
0.480036
-0.720819
-0.381615
-0.306668
-0.033329
-0.214829
0.101022
0.129933
-0.342685
-0.706172
0.143871
-0.214682
0.479408
-0.258599
-0.044425
0.330526
0.261864
0.175666
-0.270194
0.257631
-0.132394
0.020596
0.061590
-0.036895
-0.186264
0.154907
-0.624076
0.037905
-0.142962
-0.201062
1.034456
0.984875
-0.010493
0.738274
0.054164
-0.235291
-0.029842
-0.130413
-0.083010
0.038784
-0.026908
-0.063464
-0.063495
-0.325437
-0.018639
-0.336827
0.938858
0.008287
0.076083
-0.021996
0.155970
-0.011245
0.125821
-0.039572
-0.155448
1.094289
0.781198
-0.005279
0.223970
-0.067202
-0.008198
0.661423
-0.129401
0.010428
0.165135
-0.130822
0.287922
0.107005
0.150803
-0.133634
-0.050625
0.086817
-0.170798
0.278491
-0.304142
0.164352
0.083030
-0.119750
0.072528
-0.010484
0.244958
0.386911
0.475735
-0.610499
0.785746
0.371892
-0.333311
-0.227399
-0.075113
-0.148411
0.096189
-0.228598
-0.095011
0.090889
0.055077
0.287965
-0.066946
0.364038
0.119361
-0.156757
-0.162545
-0.056721
-0.395701
-0.527646
-0.089868
-0.059944
-0.020488
0.238266
-0.073204
-0.057183
-0.096193
-0.143133
-0.098110
0.097430
-0.065705
-0.340442
0.075079
0.481354
0.280713
-0.193944
-0.073202
-0.587899
-0.380010
-0.382091
0.542284
-0.039200
-0.475317
-0.495379
-0.120983
-0.042154
0.097316
-0.129810
0.120750
-0.194240
-0.211855
1.407169
-0.306097
-0.236878
0.026678
0.063543
0.798267
-0.023118
0.134114
-0.560154
-0.396651
1.153120
0.170410
0.047306
0.438076
0.704783
-0.227692
0.048115
0.399590
0.006943
0.108418
0.045943
0.072771
-0.121373
-0.101539
0.065686
0.304074
-0.047896
-0.072129
0.062418
-0.092582
0.006621
-0.714514
-0.002240
-1.024807
-0.560203
-0.123993
-0.249547
0.272742
0.584941
0.042390
-0.050215
-0.566299
-0.121105
-0.084962
1.153463
0.136406
-0.059654
-0.172138
-0.137220
0.044374
1.039408
0.325204
-0.259011
-0.147276
-0.213203
-0.104793
-0.021401
-0.040873
-0.177923
-0.000413
0.062742
-0.267200
-0.192931
-0.177293
-0.132827
-0.344431
-0.452756
0.315951
0.899847
-0.025963
-0.308719
0.058079
-0.126163
-0.354332
-0.083931
-0.249076
-0.019368
-0.173358
-0.166005
-0.122273
-0.303638
-0.423223
0.042915
-0.035908
-0.567617
-0.109422
-0.147962
-0.093119
0.380338
0.379894
-1.124065
0.002041
0.150621
-0.156000
-0.067789
0.101501
0.055685
0.080902
-0.045512
-0.032579
0.101871
0.028575
-0.182532
-0.184696
-0.173306
-0.058876
-0.047467
-0.159459
-0.139615
-0.007300
0.558172
-0.525838
-0.554414
0.242458
-0.015939
-0.368462
0.786557
0.026102
0.055896
0.018836
0.140341
0.027343
-0.171475
-0.078263
0.003350
-0.158364
0.140438
-0.124313
0.325348
0.014183
0.094646
0.085184
-0.169272
-0.044694
-0.175350
-0.114834
-0.157657
-0.533856
-0.395468
-0.122922
-0.240700
0.131674
-0.225537
0.000811
0.019002
-0.098074
-0.177268
0.138724
0.119605
-0.137289
-0.203081
1.164112
0.584483
0.272595
-0.294393
-0.261849
-0.107623
-0.058668
-0.407397
-0.119838
-0.032377
0.025049
-0.201989
-0.297434
0.087810
-0.214375
-0.255332
-0.076535
-0.259573
-0.176409
-0.379551
-0.213792
-0.584829
1.141581
0.214544
-0.145519
-0.245709
-0.085133
0.574796
0.284626
0.330459
0.217509
-0.101006
0.162127
-0.131368
-0.261605
-0.136757
0.157848
0.137074
0.165795
0.103066
-0.215852
0.184296
0.582636
0.155429
-0.219748
-0.145371
0.956589
0.351615
-0.323092
-0.211075
-0.227792
-0.192617
0.034988
-0.019387
1.316414
0.184687
0.147465
0.030092
0.304716
0.357251
0.138144
-0.235107
-0.161436
-0.322726
0.865561
0.244136
0.059454
1.074215
-0.168639
-0.090857
-0.156502
-0.353468
-0.312264
-0.361382
-0.349173
-0.390099
0.385853
0.066957
0.079562
0.055588
-0.422824
-0.308391
-0.264905
-0.176157
0.146952
0.137944
-0.488352
0.252783
0.309949
0.618148
-0.144794
-0.214307
-0.165561
-0.103213
0.480070
0.341455
0.347443
-0.042305
-0.023805
0.111179
0.497147
0.125113
-0.222758
-0.119078
0.048770
-0.116533
-0.101131
-0.159611
0.098064
-0.049883
0.007487
-0.077685
0.076960
0.157280
0.841710
0.190738
-0.104073
-0.081492
-0.608566
-0.110553
-0.336210
-0.119816
0.222545
0.186722
0.443883
-0.054708
-0.059576
-0.031857
0.091113
-0.628899
-0.254962
0.085433
0.143240
0.548746
-0.039593
1.035481
-0.283695
-0.686705
-0.063667
-0.393644
-0.072950
-0.372936
0.111307
-0.082213
0.000009
0.192383
0.011902
0.004578
-0.006433
-0.033702
-0.137944
-0.142013
-0.123465
-0.284474
-0.154401
-0.471470
-0.057958
-0.227370
-0.263182
0.276462
0.088466
-0.216276
0.346069
0.219652
0.039339
-0.005920
-0.358347
-0.120755
-0.300324
-0.224555
-0.151204
0.172578
-0.047121
0.011479
-0.266864
-0.397007
-0.117213
-0.162502
-0.066766
0.176665
-0.121277
-0.354700
0.312947
-0.209725
0.467407
0.553265
-0.087052
-0.225073
-0.013774
0.117926
0.498995
0.312982
0.001411
0.133834
-0.040070
-0.013267
0.307981
0.139548
0.259081
-0.467538
0.371465
-0.335541
0.107824
-0.188552
-0.220145
0.138302
1.470962
-0.161868
-0.221608
0.048019
-0.210993
-0.211454
-0.178807
0.316836
-0.099029
-0.066304
-0.215435
-0.577448
0.023220
0.230701
0.018345
0.003957
-0.272925
-0.068993
-0.004569
-0.237285
-0.021585
-0.219064
0.234786
-0.184970
-0.379051
-0.199998
-0.430627
-0.121342
-0.452660
0.477829
0.269708
-0.158446
0.186503
0.025932
0.179829
-0.077156
-0.183559
-0.081618
-0.205489
-0.039186
0.512702
-0.500573
-0.201019
-0.203982
-0.350885
0.240388
0.120438
0.010089
0.343751
1.208329
0.795603
0.681057
0.293865
-0.151079
0.124255
-0.007858
-0.010955
-0.133098
0.027858
-0.344867
-0.226863
-0.104020
-0.071098
0.248195
0.093295
-0.456731
-0.234958
-0.262778
-0.232279
-0.276976
-0.062242
-0.013884
0.084517
-0.180323
0.136116
0.082442
0.063058
-0.553466
-0.349819
0.046385
-0.099649
0.028305
-0.125852
-1.011156
0.143313
-0.011984
-0.281335
-0.895255
-0.374085
-0.374689
-0.245481
-0.126622
-0.071799
-0.080777
0.436224
0.314877
-0.201486
0.303972
-0.199723
0.116746
-0.245679
-0.225441
0.038503
-0.199736
0.223897
-0.010416
0.010864
-0.068615
-0.301566
0.212388
0.050207
-0.257693
-0.132560
-0.034932
-0.091523
-0.067319
-0.377810
-0.063730
0.005675
-0.492536
0.435788
-0.424091
-0.108976
0.025193
0.007796
0.012602
0.705262
-0.126163
-0.213088
0.315792
-0.944310
-0.188738
-0.276971
-0.771730
0.329127
-0.259257
0.061930
0.681941
0.202704
0.124583
-0.086895
0.240576
-0.086992
0.738157
0.021619
-0.511542
-0.086426
-0.063911
-0.287887
-0.407304
-0.339168
-0.342705
-0.879568
-0.011158
-0.072060
-0.364923
-0.139788
-0.160309
-0.032919
-0.145002
-0.140424
-0.100108
-0.050043
-0.028861
0.012756
1.009775
1.419086
1.217273
0.631255
0.574656
0.736058
0.022757
0.073935
-0.044346
0.026111
0.189682
0.032290
-0.279633
-0.337066
0.578531
0.181288
-0.631659
-0.399419
-0.213357
0.472755
-0.155474
-0.229237
0.074804
0.012628
-0.277247
-0.533895
-0.515916
-0.005569
0.015725
0.000534
-0.030467
-0.149368
0.200957
-0.029299
-0.109064
-0.263414
-0.480622
-0.229783
0.362205
0.031208
0.165344
0.298404
0.712429
0.153390
-0.170534
0.406949
0.339097
0.016311
0.250493
1.303746
0.106907
0.260442
0.536455
0.092351
-0.032065
-0.660091
-0.174062
-0.096054
-0.464575
-0.248097
-0.026983
-0.576408
0.060630
0.268878
0.017022
0.102422
-0.042233
-0.117928
-0.062227
0.176572
0.210262
-0.073004
-0.054601
0.156711
-0.291227
-0.014068
-0.188669
-0.065272
-0.040812
-0.119794
-0.094476
-0.239011
0.324573
-0.114002
0.751663
0.256365
-0.148240
-0.386668
0.169731
-0.025018
-0.318878
-0.452654
-0.212244
-1.016502
0.883612
-0.165287
0.459683
0.056442
0.201934
0.046982
0.513547
0.134474
0.338193
0.073547
-0.395262
0.003350
-0.208599
-0.014824
-0.019371
-0.025445
-0.007131
-0.225270
-0.352425
-0.083010
-0.261568
-0.180881
-0.058615
0.000663
0.182510
-0.563559
-0.004247
0.027148
-0.091151
-0.023220
-0.364981
0.068722
-0.254411
-0.019188
-0.030802
0.086782
0.030567
0.079239
-0.335931
-0.159197
-0.025189
-0.093780
0.917096
1.493545
-0.113565
0.136403
0.254312
-0.235920
0.506009
-0.283669
0.026906
0.082906
-0.387786
0.123452
0.148019
0.150387
-0.205358
0.012030
-0.499237
0.058848
-0.210709
0.060210
0.030361
0.085903
0.534846
0.036117
-0.285684
-0.337925
0.033182
-0.068146
-0.096492
-0.478774
-0.435350
-0.291043
0.153340
-0.000116
0.008997
0.103434
-0.220466
0.071423
-0.137294
-0.005597
0.386618
-0.021298
0.334884
0.129814
0.027838
-0.182963
-0.068122
-0.238639
0.027952
-0.027543
-0.219791
-0.632176
0.023216
-0.266282
-0.259794
-0.217831
-0.198512
-0.107657
0.082337
0.004467
-0.495153
-0.333807
-0.002541
0.251799
-0.007399
0.156403
0.478775
-0.325492
-0.156127
0.318578
0.034801
-0.421807
0.157596
0.083998
-0.208309
-0.153698
-0.069507
-0.330499
0.306445
-0.365349
-0.241646
0.054564
-0.061734
0.062920
0.208655
-0.146496
-0.227390
0.000922
-0.036695
0.144410
-0.112429
-0.006179
-0.428013
-0.322945
-0.220390
-0.262634
-0.394132
-0.266566
0.284350
-0.143851
-0.251296
-0.013344
0.005924
0.344198
0.114820
-0.197586
0.038952
0.427355
-0.092138
0.093718
0.031550
0.315312
1.256186
-0.042955
0.006650
0.120104
0.447508
0.013352
0.049173
-0.217863
-0.313109
0.090239
0.033518
-0.063246
-0.235483
0.051298
-0.288070
-0.054912
-0.082553
-0.188490
0.318491
-0.083556
0.001222
0.052610
0.190472
0.364756
-0.268747
-0.010650
-0.065145
0.788965
0.494262
0.556819
0.799136
0.175452
0.067016
0.116524
0.568441
-0.112356
-0.095811
-0.220318
-0.194636
-0.059171
-0.196670
0.079611
0.074435
0.753600
0.340847
0.046494
-0.321822
-0.147987
-0.147855
0.104153
0.481746
-0.979243
-0.271032
0.160277
0.469832
0.228416
-0.039356
-0.130811
0.170851
0.168260
0.035072
1.452623
1.056717
-0.081149
-0.054739
-0.038133
0.016684
-0.166245
-0.076614
-0.063414
-0.241476
0.012952
-0.266811
-0.297540
-0.190527
0.055783
0.089598
-0.120544
-0.022168
0.279804
-0.487451
-0.082707
0.056356
-0.043387
-0.113905
0.771838
-0.205411
-0.011403
-0.028822
-0.020447
-0.086389
-0.308764
0.070987
-0.249953
0.003731
0.004532
-0.123325
-0.075107
0.198861
-0.036247
-0.033987
-0.201901
-0.429063
-0.028446
0.069537
-0.641821
0.041653
-0.403992
-0.198372
-0.366269
-0.171647
-0.183353
-0.294187
-0.161181
-0.533490
-0.026105
-0.048795
-0.052855
-0.283829
-0.022400
0.252730
0.163308
0.012974
-0.171885
-0.220927
-0.083254
-0.178090
0.832857
0.059407
-0.117016
-0.626755
-0.335642
0.034450
0.661739
0.143065
-0.195607
-0.303856
-0.063358
-0.159320
-0.257328
-0.030498
0.708333
-0.194567
0.102627
0.365026
0.101835
0.084782
-0.353225
-0.345501
-0.208601
-0.151916
0.105478
-0.515003
0.826427
-0.078842
-0.004514
0.144112
-0.124099
-0.143808
-0.286522
-0.170379
0.130381
0.031610
0.107284
-0.015336
-0.230007
-0.117408
0.219385
0.995795
0.157894
0.200788
0.058824
-0.378696
0.179127
-0.144334
-0.203026
-0.021557
0.129245
-0.194212
-0.383365
-0.062213
-0.069081
-0.352999
-0.308097
-0.072909
0.061032
-0.018995
0.027646
-0.226322
-0.111008
-0.143880
-0.103444
-0.321938
0.047572
1.205562
-0.215097
-0.270023
-0.080742
0.365445
0.282710
-0.109046
0.283799
-0.032694
-0.377839
-0.494466
-0.222057
0.538455
0.829511
0.219726
0.208592
-0.028214
-0.260218
0.417657
0.174457
-0.047752
-0.150385
0.444904
-0.363350
-0.498990
-0.138489
0.142406
-0.028747
0.277042
-0.113073
-0.181193
-0.149524
0.535292
0.164722
-0.419873
-0.074137
-0.327094
-0.332644
-0.250556
-0.257981
0.781388
-0.017018
0.089991
-0.281752
-0.370415
0.897149
-0.095239
0.377051
0.290331
-0.276476
0.070723
0.388471
0.058166
0.002837
0.064709
-0.062025
-0.163329
-0.428069
-0.366565
-0.136651
1.212320
0.155698
0.506403
-0.411428
0.003291
-0.007019
-0.084330
0.183219
-0.073745
-0.025580
-0.275783
0.401828
0.323430
0.250694
-0.185231
0.090621
0.135486
0.234116
-0.126063
-0.374654
-0.195376
-0.163191
0.426952
-0.216536
-0.238713
-0.471118
-0.094775
0.038645
0.082426
-0.026084
-0.186439
0.720579
-0.032889
0.021269
0.037683
0.023693
-0.141541
-0.241850
0.039261
-0.184564
-0.037759
-0.212084
-0.315195
-0.061342
-0.299463
-0.017498
0.375674
0.140187
-0.204851
-0.512992
-0.093166
-0.149673
-0.019171
0.148357
-0.111070
0.120916
0.461839
0.008709
0.016189
0.163194
0.366510
-0.012003
-0.056615
-0.028517
0.012270
0.225184
0.223854
0.046465
0.264966
-0.028029
-0.007488
0.022363
-0.259319
0.027798
0.006809
0.279038
-0.054636
0.112916
0.578360
0.230975
-0.026591
0.006484
-0.276073
-0.344842
-0.023572
-0.052857
0.055047
0.059647
-0.507316
0.004738
-0.010351
-0.177623
0.022501
-0.032824
0.018465
-0.209094
-0.464055
-0.250138
0.004627
1.160549
1.388558
0.007057
-0.164804
-0.101979
0.691964
-0.001286
0.216601
0.004497
-0.141193
0.047434
-0.022039
-0.238554
0.134593
-0.946530
-0.053404
-0.467141
-0.103220
-0.190603
0.078859
-0.334050
0.226822
-0.476844
-0.193591
0.028324
-0.270704
0.156775
-0.016999
-0.369839
-0.545106
0.300084
-0.035806
0.141965
0.116312
0.019520
0.101172
0.177905
0.014704
-0.045046
0.212249
-0.049817
-0.699102
-0.378164
-0.168478
-0.580918
-0.349575
0.059942
0.165783
-0.048323
0.022554
0.143246
0.291034
0.086979
-0.022368
0.422548
-0.189535
-0.129635
-0.270276
-0.061976
0.116487
-0.174698
0.196233
0.227566
-0.307235
0.048995
-0.218234
0.308887
0.400959
1.247571
-0.885930
-0.557662
-0.140341
-0.509545
-0.168276
-0.330507
-0.043670
0.060630
-0.045083
-0.273786
0.148277
-0.054758
-0.153713
0.009000
0.125714
-0.123717
-0.029945
-0.071138
-0.247147
-0.323449
0.032867
-0.307699
-0.139823
-0.393303
0.392642
-0.023748
-0.052479
0.016717
0.001154
-0.298626
0.015615
-0.321141
-0.027222
0.244682
-0.334932
-0.477647
-0.217105
-0.427253
-0.401499
0.485321
0.184663
-0.169165
0.007363
-0.029497
-0.148727
-0.193762
0.105871
-0.618917
0.422987
0.257309
0.135318
-0.505559
-0.685936
1.036357
0.175988
0.128335
-0.094139
-0.268171
-0.825026
-0.137892
-0.578934
-0.157123
0.008625
-0.103577
-0.615805
-0.445970
0.029070
-0.304169
-0.054902
-0.189627
-0.487364
0.030386
0.069926
-0.055432
-0.035284
0.001728
-0.138021
-0.001134
-0.103030
0.009536
0.124871
-0.266856
-0.417550
-0.242604
-0.246205
-0.168160
-0.294517
-0.125216
-0.126961
0.196653
-0.472597
0.313928
0.170915
0.077775
-0.185986
-0.008594
-0.039594
-0.114112
-0.100002
-0.163227
-0.184284
-0.156978
-0.133808
0.117372
0.361319
0.336996
-0.723428
0.029540
0.052834
0.060477
0.143810
-0.180292
0.393901
-0.010948
0.204595
-0.310659
0.180316
-0.140335
-0.263894
-0.034731
-0.035161
-0.174387
-0.252844
-0.130223
0.116552
-0.283243
-0.944351
-0.182749
-0.343525
-0.025226
-0.138918
-0.060225
-0.161461
-0.099995
0.286518
0.238613
0.345231
-0.460791
-0.417133
0.021666
-0.179180
-0.016032
-0.128165
0.043622
-0.235501
-0.283826
-0.226257
-0.212725
0.263920
-0.210163
-0.179920
-0.232868
0.155285
-0.123781
1.120304
0.455592
0.327638
0.215584
-0.415301
-0.254928
0.007117
0.070001
-0.275730
-0.675658
-0.605888
-0.345800
0.251639
-0.053802
0.056281
-0.350248
-0.092672
-0.175959
-0.158595
0.129982
0.098216
-0.056351
-0.034113
-0.463008
-0.228891
0.392654
-0.119831
-0.119972
0.159122
-0.354424
-0.177128
0.083247
-0.049847
-0.155303
-0.128590
-0.072750
-0.164005
-0.318994
-0.374825
-0.373106
0.064158
-0.378635
-0.489838
-0.493222
-0.451547
0.077420
-0.122029
-0.029112
-0.143874
0.174515
0.211169
-0.217369
-0.069344
0.170176
-0.503947
-0.101426
-0.167058
-0.231510
-0.685992
-0.279832
-0.138857
0.325670
0.781403
0.517805
-0.180888
-0.121928
-0.266163
-0.112591
-0.213037
0.187318
0.530835
-0.024032
0.171322
0.288020
0.084795
0.033287
-0.099547
-0.085806
-0.303386
-0.473211
-0.096471
0.222438
0.894137
-0.107238
-0.832950
-0.157412
-0.620855
-0.033709
-0.492213
-0.109882
0.257014
0.038816
0.115959
0.219018
0.001411
-0.116126
-0.537551
-0.272875
-0.152952
-0.028223
0.342727
0.179880
0.017660
0.042736
0.283476
-0.223201
-0.155825
-0.015589
-0.554228
-0.120244
-0.266425
0.181475
-0.471924
0.074984
-0.095349
0.293085
-0.193066
-0.130415
-0.165735
-0.363850
0.535871
0.093828
-0.050169
0.059904
-0.024862
0.295634
0.021098
-0.156282
-0.302949
0.260880
-0.188792
-0.093295
-0.310873
-0.223651
-0.075474
-0.500142
-0.120898
-0.074409
-0.369324
-0.126111
-0.136411
0.165045
-0.355160
-0.146919
-0.186344
-0.253913
-0.277230
-0.217873
0.678510
0.160613
-0.252339
-0.174593
0.123154
-0.174344
-0.133686
-0.161896
-0.192461
-0.199858
-0.012281
-0.062414
-0.207568
-0.202450
-0.201841
-0.165034
-0.421478
-0.099415
0.043014
-0.127995
0.984127
-0.138142
-0.121820
-0.097198
-0.198986
0.046483
0.105187
0.429503
0.843177
-0.105589
-0.153668
-0.209209
-0.192256
-0.076773
-0.486880
-0.219939
0.220870
-0.278631
-0.977862
-0.271675
-0.309359
0.214603
-0.004830
-0.090889
-0.055705
-0.256491
-0.267585
0.025432
0.112601
0.459670
-0.148554
-0.043229
-0.255623
0.070430
0.080194
0.045255
-0.152180
-0.257033
-0.359536
-0.426247
-0.122031
0.096400
0.056439
0.179445
-0.105734
-0.094706
0.110776
0.029172
-0.064465
-0.230560
-0.041975
-0.222223
-0.025637
-0.098384
0.718447
0.036043
0.035801
-0.104639
-0.105286
0.518989
-0.015364
-0.062412
-0.410938
0.936300
-0.092105
-0.305723
0.726214
0.028817
-0.134603
-0.095526
-0.064000
0.051288
0.031205
0.002574
-0.142703
-0.170908
-0.096225
-0.015139
-0.059212
0.621424
0.568375
0.241360
0.030381
0.050569
-0.505130
-0.241398
-0.343594
-0.401332
-0.265191
-0.028001
-0.034156
0.047967
0.352479
0.022349
-0.367006
-0.190549
-0.265966
0.066490
-0.079138
0.040300
-0.045312
0.575962
-0.267453
-0.049164
0.026184
0.209439
0.119327
-0.243591
-0.111834
-0.709449
-0.692369
-1.095457
-0.971962
0.006722
0.034387
-0.165242
0.352704
-0.059616
-0.423639
-0.255420
-0.065009
-0.056706
-0.439343
-0.654204
-0.139291
-0.022736
0.265482
0.091251
-0.020639
-0.066650
0.164038
-0.269760
-0.079908
-0.382883
-0.149444
0.358231
0.437261
0.068976
-0.470799
-0.038635
-0.271843
-0.134485
0.331172
-0.128471
-0.677191
-0.092483
0.304105
0.054036
0.914008
0.440345
-0.154536
-0.035572
-0.748707
-0.217542
0.123889
0.342507
0.050033
-0.368527
-0.182124
0.144434
0.232800
0.285342
0.146509
0.082677
-0.037608
-0.011896
0.110291
0.236721
0.267762
-0.157154
0.112204
-0.163444
-0.598579
0.254383
-0.358569
-0.213486
-0.577205
-0.602519
0.059723
0.122858
0.791900
0.126527
0.176813
0.189085
0.132845
-0.073561
0.451294
0.025401
0.287969
0.961653
-0.134105
0.417955
0.084171
0.264646
0.147439
-0.237727
-0.522185
-1.017651
-0.242518
-0.047024
-0.637050
-0.262417
-0.246383
0.606286
-0.092371
-0.435491
-0.235372
-0.178876
-0.230116
0.064288
-0.074185
-0.037145
-0.200123
0.053476
-0.102904
0.425193
-0.053695
0.250057
0.371766
-0.051961
-0.188457
0.190338
-0.144480
-0.031424
0.005412
0.094376
-0.076720
-0.385775
-0.300268
-0.200287
-0.598467
-0.136706
-0.083841
0.013040
-0.030426
-0.165847
-0.296678
-0.281606
0.102493
-0.118478
-0.198678
-0.438607
-0.029382
-0.193799
-0.286589
-0.544309
-0.095333
-0.668865
-0.333729
-0.539300
-0.268026
-0.268879
-0.018699
-0.000462
-0.221923
-0.269228
-0.148072
0.249301
-0.086153
-0.343147
0.363737
-0.011444
-0.075799
-0.902308
0.643854
-0.351316
-0.227820
-0.215765
-0.157080
-0.130369
-0.224816
-0.238540
-0.260551
-0.087502
0.032760
0.057292
-0.178285
-0.256878
0.812786
1.011977
0.655008
0.037251
0.870725
0.130386
-0.006176
-0.503071
-0.393956
-0.077311
-0.052606
0.933308
0.189433
-0.038488
-0.129348
-0.017568
-0.059558
0.454841
0.869898
0.016538
0.401521
0.379141
-0.444014
-0.305142
0.125445
0.022356
-0.024396
0.054846
-0.048140
0.273999
-0.325430
-0.238594
-0.160584
0.093621
-0.283738
0.179532
0.319267
0.173020
-0.184338
-0.385878
-0.350775
-0.052727
-0.256913
-0.176396
-0.029280
-0.086188
-0.167531
-0.048021
-0.638147
-0.693558
-0.289116
0.056170
-0.011316
0.130870
-0.168276
-0.234383
-0.487863
-0.520326
1.187905
0.873359
0.013507
0.205339
-0.037482
0.001776
-0.273166
-0.227032
-0.090371
-0.156823
0.035330
-0.365728
-0.503215
-0.000869
0.209744
0.070207
0.140416
-0.032792
0.154868
0.236324
0.014961
-0.067402
0.153924
-0.257263
-0.112361
-0.045913
-0.230109
-0.241786
-0.083771
-0.178824
-0.333170
-0.052935
0.089610
0.890231
0.863835
0.107743
0.269953
0.138138
-0.057925
0.331267
-0.375490
0.067471
-0.175331
-0.164225
0.072056
0.072884
0.086285
-0.175510
0.162926
-0.561925
-0.114595
1.064501
0.287553
-0.033630
0.059988
-0.323988
0.065372
-0.050096
0.182492
-0.311553
-0.496695
-0.347803
-0.306037
-0.076553
-0.162490
-0.869440
1.147235
-0.090494
-0.143490
-0.424908
1.064367
0.257823
-0.189207
-0.235685
-0.266967
0.347467
0.030530
-0.468012
0.031285
-0.762208
0.000310
-0.308816
-0.269376
-0.331274
-0.235946
-0.312137
-0.225602
-0.290390
-0.156317
-0.050709
-0.309575
-0.268586
-0.021191
0.363768
-0.074355
-0.109064
-0.525659
-0.478768
-0.346100
-0.156905
-0.445381
-0.084693
-0.081305
0.192667
0.030278
0.510568
0.138257
-0.007790
-0.154818
-0.060495
-0.536157
-0.345522
-0.064826
0.010672
0.442802
0.079493
0.136976
0.355947
-0.092641
0.024118
0.492450
-0.074907
0.053737
0.540092
-0.199908
-0.055576
-0.177540
-0.090521
-0.208887
-0.244722
-0.261403
0.273971
0.046303
0.136146
-0.004533
-0.005601
0.309735
-0.162494
-0.283631
-0.082357
-0.121306
-0.283693
-0.310861
-0.075928
-0.106521
0.036466
0.095539
0.159382
0.399033
0.046975
-0.372935
-0.028001
-0.056943
0.310753
-0.016874
-0.856207
0.100058
-0.706758
0.138995
0.078572
-0.305350
0.073717
-0.189952
-0.492026
-0.411553
-0.177770
-0.136546
-0.144877
-0.182162
-0.149430
-0.035582
-0.436206
0.210659
-0.005489
-0.934512
-0.009045
-0.047422
-0.025638
-0.061674
-0.152878
-0.135107
-0.090978
-0.116010
-0.068078
-0.116511
-0.036296
-0.061352
-0.100012
-0.368572
-0.211386
-0.003387
-0.003828
-0.336685
-0.277548
-0.183472
-0.346784
-0.180438
-0.681507
-0.013537
0.154315
-0.050860
-0.339680
0.770828
0.007470
-0.032142
0.137234
-0.328236
0.296836
-0.273417
-0.191567
-0.075654
0.149301
0.199992
0.011811
0.282219
0.168107
-0.698647
-0.154286
-0.303108
0.220613
-0.001387
0.354542
0.082382
0.047221
0.006363
0.724808
-0.095375
-0.119785
-0.260607
0.448799
-0.288450
0.122764
-0.277647
-0.606740
-0.213508
0.409459
0.446141
0.345289
0.179423
-0.109803
-0.066125
0.005752
0.187588
0.027719
0.002828
0.281280
0.759642
0.691835
-0.012235
-0.191215
0.186183
-0.351855
-0.054442
-0.348504
0.897478
-0.054141
-0.107862
-0.208395
0.018265
-0.041837
0.015593
-0.218307
-0.192821
0.418277
0.368864
-0.294548
-0.611924
0.050793
-1.107622
0.524565
0.622798
0.627322
0.260236
0.338721
-0.095786
0.506948
-0.170644
-0.174362
-0.315087
-0.265079
-0.097045
0.083322
-0.170265
-0.077060
1.184203
-0.039925
0.786930
0.325567
0.216873
0.097439
-0.270096
-0.137699
0.047608
0.109252
0.638396
0.615535
0.168775
-0.274852
-0.401584
-0.270169
-0.049742
-0.166327
-0.031692
0.029201
0.125502
-0.011425
0.426583
-0.047586
-0.233480
0.103003
-0.263945
0.489557
-0.179656
0.171399
-0.410550
-0.187301
-0.486446
-0.059494
-0.228391
-0.309872
0.148574
-0.731921
-0.026549
0.080092
-0.194545
0.095511
-0.122911
-0.142256
1.160796
1.235569
-0.393506
-0.273912
0.444230
0.563616
0.344050
1.261711
-0.035791
0.167285
-0.070401
-0.038321
0.099872
-0.188415
-0.097868
-0.066350
-0.258931
0.388960
-0.478895
0.144080
0.129309
-0.655729
0.615251
-0.299321
-0.502300
-0.481244
-0.281885
0.237455
-0.192429
-0.257493
-0.362524
-0.342454
-0.369241
-0.331986
1.144327
-0.113992
1.215768
-0.409072
0.235634
0.140408
-0.322587
-0.411811
-0.284538
-0.338518
-0.242775
-0.106977
-0.088965
-0.516650
0.088042
0.012624
-0.176034
-0.069661
-0.681109
0.322428
0.009658
-0.100738
-0.016620
-0.022714
0.007404
0.100412
-0.333503
0.750037
-0.232929
-0.267108
0.282295
0.560568
0.380963
-0.012900
-0.083749
0.163821
-0.807209
-0.270153
-0.136170
0.243023
-0.006839
-0.126374
0.031644
0.103736
-0.091610
-0.145307
0.197064
0.148539
0.071694
-0.087458
-0.435766
-0.746581
0.304176
0.510449
-0.290380
-0.150415
-0.056883
-0.038997
0.005675
-0.097119
-0.171483
-0.329157
-0.136778
-0.047389
-0.122612
0.035972
0.401237
-0.041617
-0.215336
-0.346357
-0.138527
-0.156041
-0.227531
-0.556031
-0.267692
-0.038798
-0.260434
-0.216006
0.106765
-0.576903
-0.204570
-0.140071
-0.165007
0.052995
-0.253296
-0.061290
-0.166602
-0.102928
-0.560622
0.218275
0.118704
-0.317384
-0.113255
0.016629
-0.238475
-0.212856
-0.060658
0.524192
-0.129847
-0.032495
-0.565790
-0.328518
0.064462
0.173916
0.637853
0.311687
0.055321
-0.466201
-0.100274
0.159476
0.239951
0.095240
-0.097536
-0.058423
0.000040
0.014777
0.046716
-0.032600
-0.021502
0.083471
0.166019
-0.087648
-0.110876
-0.127495
-0.001132
-0.125060
-0.125614
0.098661
-0.171587
-0.074980
-0.080411
-0.056147
-0.237942
-0.031264
-0.720776
-0.105161
-0.104791
-0.284768
-0.379319
-0.053600
-0.202976
-0.016230
-0.211722
-0.011739
0.166338
-0.011968
-0.090237
0.112129
0.275720
-0.333707
-0.098883
-0.066469
-0.123637
-0.011037
0.791069
0.815128
0.194323
-0.373456
-0.761506
-0.218996
0.157978
0.352830
-0.036829
-0.257763
0.028048
0.449594
-0.317392
-0.078735
0.100295
0.137944
0.190515
-0.632687
0.103398
-0.162186
-0.145939
0.175629
0.066388
0.161395
0.413519
-0.581584
0.102990
0.839770
0.663300
-0.087497
-0.066037
-0.377141
-0.193062
0.245703
-0.177889
-0.012988
-0.128485
-0.027723
-0.248856
-0.345260
-0.202945
-0.015940
-0.171567
0.043754
-0.011134
-0.077638
-0.334685
0.156710
0.503649
0.581164
-0.033254
-0.235395
-0.141397
0.020819
0.429194
0.177295
0.108094
-0.336873
0.151385
0.115597
-0.020219
0.309647
0.200060
-0.067738
-0.191237
0.040703
0.187796
-0.178516
0.027019
-0.058453
-0.078880
-0.309494
-0.228925
-0.116223
-0.086327
-0.229699
0.969879
-0.168934
-0.083284
0.045445
-0.359276
-0.000068
-0.465858
0.550258
-0.226477
-0.176156
0.150310
0.006783
-0.035275
1.146001
0.171432
-0.004924
-0.097733
-0.191799
-0.230844
-0.405807
-0.301345
0.094542
-0.295735
-0.390888
0.169443
-0.185672
-0.310688
-0.180574
1.174387
0.059559
0.038908
-0.176303
-0.474227
0.031957
-0.079672
0.126765
0.174161
0.032063
-0.575879
-0.021439
-0.341121
-0.109005
-0.715582
-0.182211
0.009910
-0.255314
-0.480447
-0.062091
-0.198242
-0.513057
-0.223858
0.082381
0.053958
-0.141622
-0.135367
-0.189846
0.053659
0.043945
-0.111916
-0.331529
-0.280883
-0.350969
0.186339
0.104039
0.486124
-0.152174
-0.620519
-0.028472
0.180059
-0.184506
-0.163848
0.076924
-0.105577
0.172263
0.151285
0.098462
-0.184305
0.200783
0.507677
0.047136
0.283503
-0.188788
0.276869
-0.157912
-0.029524
0.195892
-0.265089
0.174840
-0.325774
-0.052719
-0.178704
-0.562981
-0.076483
-0.145252
-0.156675
-0.755515
-0.592081
0.195789
0.243139
0.033535
0.135483
0.049303
-0.065591
0.222042
-0.023907
0.015041
-0.097305
-0.811238
-0.482180
-0.008015
-0.071193
-0.003740
-0.227686
-0.272044
-0.276575
-0.135020
0.056312
0.620149
0.383741
0.752605
-0.133006
-0.065463
0.145981
0.097843
-0.186450
0.846833
0.158637
0.186122
0.159599
0.129092
0.054164
-0.321492
-0.034353
0.962658
0.237204
0.197243
-0.622845
-0.066743
-0.188917
0.017233
-0.271444
-0.061328
0.485192
-0.142277
0.099233
0.267360
0.441869
-0.069133
-0.134994
0.073297
0.146591
0.067607
0.103408
0.074810
-0.243957
-0.149711
-0.117869
-0.058468
-0.095130
-0.378331
-0.083122
0.059519
-0.241395
-0.129555
-0.230549
-0.232991
0.018577
-0.026085
0.512915
-0.008376
-0.019804
-0.058265
-0.063649
0.007990
-0.225677
-0.179920
-0.440899
-0.063654
0.693557
0.077129
-0.060480
-0.224690
0.921538
-0.056876
-0.022771
0.133898
-0.293484
0.214955
-0.225196
-0.132824
0.097670
0.886443
-0.459410
0.106803
-0.287672
-0.227253
0.162560
-0.377031
0.286746
0.040725
-0.174200
0.122624
-0.183663
0.057037
-0.156932
-0.482745
0.027292
0.081177
-0.441102
-0.488786
-0.297110
-0.121588
-0.376297
0.055826
-0.199482
-0.092274
0.049997
-0.352838
-0.060192
0.074087
-0.342587
-0.040499
0.712653
0.140302
0.064521
-0.006061
-0.204743
-0.301665
-0.388837
-0.146077
0.113475
-0.223717
-0.386190
0.461148
0.256836
-0.318133
-0.534262
0.288861
-0.200039
0.029720
0.483142
0.472146
-0.026302
-0.002223
-0.092525
-0.075976
0.275978
-0.250983
0.158073
-0.101050
-0.065605
-0.040223
-0.051253
-0.367910
-0.116263
-0.123927
0.246149
-0.409191
0.818757
0.036091
-0.284025
-0.196239
0.078797
-0.595649
-0.146728
0.008464
0.190746
-0.030614
-0.141773
-0.302439
0.191776
-0.262266
-0.150527
-0.051470
-0.330337
-0.067117
-0.033307
-0.219847
-0.630864
-0.092687
0.039871
-0.098138
0.320982
-0.534361
-0.267070
-0.260276
-0.494346
-0.359616
-1.034170
0.152958
-0.430011
-0.234571
-0.264489
-0.034211
-0.022155
-0.085473
0.677910
-0.031570
-0.402302
-0.434940
0.086348
-0.451459
-0.329072
-0.080175
-0.039011
0.469842
-0.017203
0.263396
0.364497
-0.340532
-0.309836
-0.086026
-0.205956
-0.364082
-0.153152
-0.386493
0.025959
-0.150411
-0.277021
0.108567
0.184588
0.722888
0.691327
-0.666895
-0.118839
0.374818
0.734364
1.001084
-0.275374
-0.190840
-0.256124
0.278604
-0.298424
-0.047533
0.524915
-0.286609
0.061581
0.058320
-0.055304
-0.064386
0.065168
0.838661
0.747516
0.066993
-0.371195
-0.637024
-0.118922
0.091337
0.054723
0.037495
-0.357241
0.063304
0.142336
-0.338936
-0.123524
0.009973
-0.194378
-0.375272
-0.079645
-0.247681
-0.105733
0.043983
-0.043802
-0.177187
-0.135517
-0.159183
-0.058372
-0.034672
-0.420476
-0.233831
-0.129024
0.028061
-0.128376
0.076578
-0.134950
-0.295991
0.070882
-0.469766
0.210391
0.048512
-0.275613
-0.580662
-0.797090
-0.041483
-0.118596
0.063399
-0.534990
-0.490237
0.629949
-0.143093
0.240435
0.329701
-0.080593
-0.175510
-0.136605
0.059895
0.013885
0.306215
0.215360
-0.242652
0.135976
-0.313535
-0.161235
0.725208
-0.285763
-0.188194
-0.499197
-0.179065
-0.481466
-0.126975
0.070835
0.349120
0.035376
-0.053802
-0.045518
-0.122380
-0.234811
-0.076623
-0.396966
-0.267946
0.085967
-0.190265
-0.207348
-0.191982
0.722207
-0.577067
-0.159727
-0.405825
-0.023584
0.311240
-0.009040
-0.224394
0.069279
-0.154130
0.513770
-0.098054
1.004603
0.504028
-0.085454
-0.037240
-0.193267
-0.091064
-0.051430
-0.181142
-0.292364
0.037057
-0.450814
-0.225501
-0.074160
-0.561917
-0.159581
-0.036565
-0.256791
0.109148
0.143114
0.412533
-0.117583
0.083821
0.476836
-0.003828
-0.179292
0.156751
0.566529
1.058437
-0.061170
-0.487743
-0.162545
0.061603
-0.781604
-0.178739
-0.319048
-0.367759
0.095366
-0.099048
0.152694
-0.446634
-0.393888
0.253849
0.492018
0.110868
0.094501
-0.032359
-0.295782
-0.134216
-0.441287
-0.204162
-0.523656
0.180018
-0.136047
0.252142
-0.178071
-0.001474
-0.098305
-0.285962
-0.150238
0.611019
0.648259
-0.091840
-0.081487
-0.094221
-0.229360
-0.257513
-0.284467
0.042883
1.060757
-0.012200
-0.126143
0.014655
-0.069641
0.194180
0.388126
0.312914
1.115176
0.800980
0.180473
-0.022676
-0.382818
-0.504929
0.094532
0.278602
0.033371
-0.439883
-0.087316
-0.253627
0.404215
0.280069
0.362299
0.727893
-0.528892
-0.082435
-0.028989
0.357953
-0.382068
1.082055
0.380979
0.079094
0.067629
-0.028766
0.237931
-0.073576
0.229367
-0.209784
0.104749
-0.268834
-0.218763
-0.076114
0.279645
-0.178385
0.075777
0.054677
0.052551
-0.140476
0.063419
0.002654
-0.191317
-0.129175
-0.435019
-0.059346
-0.012807
-0.242903
-0.270530
0.069335
0.006690
-0.128989
0.117176
-0.041158
0.073262
0.390993
-0.085593
-0.164946
0.122782
0.113577
0.470130
-0.252446
-0.195896
0.075673
0.359824
0.196221
0.668661
-0.020470
0.207808
0.027665
-0.738376
-0.426223
0.127402
0.051219
0.208282
0.144592
-0.103975
-0.163529
-0.188699
0.237676
0.070769
-0.009392
-0.436713
-0.496103
-0.082020
-0.235138
-0.016652
0.005572
-0.252779
-0.063427
-0.238912
-0.275700
-0.122482
-0.169880
-0.091677
-0.068973
-0.036829
-0.423541
-0.417223
0.219078
0.000138
0.073347
-0.237185
0.164047
-0.215255
-0.056988
0.083347
-0.528197
0.226471
-0.301382
-0.140653
0.037897
-0.091586
0.017295
1.345571
1.002828
0.040904
0.025426
-0.030669
-0.125226
-0.181568
-0.095817
0.192569
0.087687
-0.128767
-0.005127
-0.059957
-0.204634
-0.195782
-0.589247
-0.183273
-0.116524
-0.081082
0.249147
-0.076597
-0.084229
0.263370
-0.365604
-0.208075
-0.045080
-0.282972
-0.285263
0.575858
-0.072517
0.069649
-0.316323
0.001984
-0.111182
-0.194269
0.728131
-0.159977
-0.145353
-0.099513
-0.347550
-0.038735
-0.350112
-0.408064
-0.267823
0.157854
0.151563
0.263295
0.442863
-0.037687
-0.002101
-0.227414
0.004413
-0.159608
-0.008107
-0.753842
1.000842
-0.351620
-0.119598
-0.295110
-0.549023
0.138104
0.040638
-0.374506
-0.191412
-0.595355
-0.511789
-0.199670
-0.106012
-0.456797
-0.131438
-0.034991
0.134474
-0.091631
-0.032877
-0.234503
-0.031633
0.201219
-0.047508
0.168985
0.119282
-0.187619
-0.008424
-0.082845
-0.212485
-0.097469
-0.055442
-0.120288
-0.328195
-0.196344
-0.056006
-0.040102
-0.152383
-0.000802
0.146135
0.331643
-0.029332
-0.356011
0.123909
0.367322
0.010070
-0.247402
0.011918
-0.085251
0.119671
-0.022093
0.004413
-0.330564
-0.431963
-0.441199
0.144383
0.298702
-0.089075
-0.073017
1.291669
-0.667137
0.131700
-0.289246
-0.666023
0.105799
0.138278
-0.147770
-0.072985
-0.341956
-0.024235
-0.344204
-0.104794
0.026135
-0.091964
-0.262071
-0.172183
0.074476
-0.156046
-0.085492
-0.310841
-0.042731
-0.116753
-0.323339
0.222682
0.060616
-0.526594
-0.350780
-0.427516
-0.649802
-0.235876
0.082382
-0.021463
0.876428
0.212348
0.097804
0.033591
0.298008
-0.010344
-0.437925
-0.135774
0.561485
0.424114
0.454046
0.141024
0.063183
-0.012623
0.113481
0.035043
0.317182
0.318122
0.132985
-0.442320
-0.143880
-0.048575
-0.098998
-0.402587
-0.295715
-0.145705
0.252588
0.293448
0.238451
-0.034233
-0.086015
-0.157386
-0.139746
0.162281
0.220751
0.054486
-0.197169
0.071892
-0.111324
0.197592
-0.001378
0.492867
0.467329
-0.252406
-0.041093
0.140664
-0.068492
-0.513412
-0.417446
-0.208265
0.149532
-0.077875
-0.388868
-0.052434
-0.474265
-0.744935
0.212881
-0.183474
-0.210821
-0.167493
-0.523479
-0.232566
-0.483848
-0.565594
-0.482395
-0.010019
-0.077000
-0.095879
-0.606788
-0.033477
-0.292027
-0.120229
-0.103919
-0.222855
-0.376581
-0.121999
0.413695
0.029134
0.203684
-0.470744
-0.430356
-0.164226
-0.129484
0.086741
0.547449
1.340441
0.003156
0.158141
0.293953
-0.163991
-0.125389
-0.339001
-0.107887
-0.040120
-0.011619
0.000988
-0.216256
-0.029108
-0.350100
0.187750
-0.102329
-0.114094
0.015330
-0.051640
-0.465044
-0.199565
-0.406898
0.205157
-0.305395
0.389046
0.130882
-0.913821
-0.072544
-0.113723
0.209384
-0.059757
0.074527
0.043351
-0.106074
-0.082423
-0.154641
0.009692
-0.178463
-0.084077
-0.422130
-0.123372
-0.503128
-0.196575
-0.057974
0.473503
0.076448
-0.089773
0.044560
-0.192153
-0.036871
-0.113215
0.213351
-0.693076
0.449445
-0.079257
-0.002464
-0.096643
-0.174765
-0.026597
0.648806
0.191426
-0.445799
-0.396148
-0.169196
-0.128767
0.409227
0.314341
1.200752
0.249466
-0.446224
-0.635346
-0.191177
0.024027
-0.085433
0.113652
-0.423966
-0.438569
-0.221525
-0.013913
0.169879
-0.050910
0.339233
0.094565
0.964917
0.409558
0.024107
-0.166233
-0.040040
-0.023104
-0.283075
-0.107394
-0.425480
-0.108902
0.021812
0.059706
-0.358522
-0.250053
-0.070672
-0.482022
-0.435824
-0.116830
-0.155231
0.033913
-0.010870
0.074636
0.024672
0.895147
0.287907
-0.042395
-0.250066
-0.107523
-0.353707
0.383855
-0.171930
0.264148
-0.307274
0.179138
-0.281100
-0.015146
-0.898464
-0.055655
-0.188870
-0.547966
-0.246807
0.355012
-0.398576
-0.270347
0.436105
0.584472
0.506902
-0.069757
-0.344672
-0.097781
-0.070056
-0.108443
-0.224678
0.026986
-0.368140
-0.108363
-0.011797
0.169034
-0.119941
-0.675732
0.367542
0.341215
-0.054416
-0.513807
-0.170257
0.084254
-0.293362
0.047939
1.317095
0.101600
-0.012912
0.008363
-0.013813
-0.131522
-0.180966
-0.133294
0.432320
0.338432
-0.254503
0.044618
0.485080
0.990122
0.158201
0.101146
-0.267011
0.187041
0.264718
-0.037118
0.305783
0.235020
-0.369228
-0.165515
-0.069110
0.041769
-0.452953
0.044929
-0.009519
-0.019151
-0.096118
0.073998
0.109545
-0.241189
0.028285
0.558013
-0.455777
-0.106466
-0.214224
0.275335
-0.000568
-0.354451
-0.296461
-0.530816
0.330952
-0.183383
0.160309
0.262610
0.293652
-0.084690
0.018467
-0.293863
-0.292705
-0.091625
-0.110842
-0.033633
0.008485
-0.058669
0.558984
0.176954
0.876152
-0.788379
0.186828
0.640142
-0.391912
-0.289337
-0.057648
-0.111397
-0.154462
0.386435
-0.014839
0.529597
0.203629
1.241303
-0.056461
-0.033283
0.024413
-0.102179
0.198195
-0.029599
-0.642097
-0.605473
-0.230530
0.116648
-0.011055
0.158881
0.037386
-0.233211
-0.407521
-0.393288
-0.609124
-0.707984
-0.756220
-0.252170
0.000119
0.459533
0.151800
0.947980
-0.111820
-0.164968
-0.061499
-0.139847
-0.295667
-0.264345
-0.139419
-0.027460
-0.109273
-0.308412
0.202529
0.272927
0.141713
-0.631662
-0.093980
-0.278537
-0.128153
-0.035358
0.366087
-0.400941
-0.173493
-0.122887
0.391789
-0.156961
-0.310453
-0.209166
0.229818
1.087039
0.154375
0.141346
-0.093325
-0.154214
-0.390455
-0.076091
1.186816
0.399694
0.513223
0.171929
0.123159
-0.378084
1.187003
-0.219062
0.018199
-0.284902
-0.103198
-0.384208
0.398561
0.222521
0.069202
0.057073
-0.032455
-0.011856
0.025772
-0.098644
0.008194
0.028055
-0.103903
-0.066085
-0.090978
-0.394643
-0.325338
-0.238999
-0.197013
0.493357
0.445204
-0.216070
-0.298138
-0.429921
0.106060
0.189964
0.054649
0.257136
-0.140469
-0.178360
-0.204013
0.102183
-0.040524
-0.072118
-0.359993
-0.091696
-0.079744
0.046812
0.519527
0.889170
-0.885527
-0.555435
0.489614
-0.240724
-0.231268
0.444691
-0.127109
-0.441584
0.101602
-0.159961
-0.313272
-0.330786
0.070805
-0.365556
1.192443
0.025330
-0.016708
0.030934
-0.063649
-0.112973
-0.083925
0.178512
0.023715
-0.035180
0.231874
-0.216554
-0.263963
0.084297
-0.074235
-0.045490
-0.243348
0.218629
-0.294611
-0.327623
-0.046605
-0.005502
0.090728
-0.135020
-0.039236
0.451720
0.889935
-0.084243
-0.293994
-0.215000
-0.319647
-0.475266
0.120227
-0.105474
-0.431913
-0.251221
0.206772
0.483543
1.161806
0.303218
-0.174942
0.298807
0.940429
-0.257757
0.117276
-0.617665
-0.147561
0.054963
-0.297104
-0.049739
-0.324422
0.402512
1.012270
0.270918
0.120696
0.071542
-0.126594
-0.139689
-0.134529
0.226727
0.127813
-0.299907
-0.129736
-0.029206
0.358364
0.132701
-0.000094
0.014598
-0.121732
-0.552944
-0.472240
-0.061368
-1.013244
-0.247526
-0.048769
-0.108564
-0.707044
0.032522
0.296505
0.002664
0.002446
0.206504
-0.306457
0.032930
0.022749
0.104742
0.177093
-0.090742
0.015151
-0.048264
-0.229692
-0.258055
-0.207222
-0.248785
-0.123869
-0.046405
-0.169793
-0.035008
-0.030346
-0.039085
-0.120254
-0.202744
1.150091
-0.084348
-0.215695
0.340667
-0.040907
0.260320
1.071491
-0.129145
-0.060042
-0.001356
-0.216619
0.203816
1.071424
0.822878
0.585806
0.018525
-0.255879
-0.140048
-0.057609
-0.093204
-0.040740
-0.086940
-0.004792
-0.177015
-0.062886
-0.244160
-0.134431
-0.116610
0.076532
-0.029045
-0.155030
0.065975
0.289364
-0.298651
0.060690
-0.035524
-0.534618
-0.059842
0.305798
0.136218
-0.913652
-0.137975
-0.278078
-0.088987
-0.035280
-0.146668
-0.203821
0.008866
0.321410
0.341309
0.046728
0.270039
-0.028166
-0.045493
-0.268653
-0.424920
-0.151326
-0.577256
-0.404627
-0.287293
-0.389157
-0.064575
-0.255565
-0.092900
-0.083925
-0.028212
-0.341372
-0.072482
-0.279169
-0.544214
-0.627766
-0.054981
-0.167471
-0.315433
-0.046015
-0.296282
-0.549177
-0.074454
-0.072025
-0.241255
0.222760
0.199802
-0.164741
-0.673960
-0.308563
-0.661259
-0.254332
-0.020447
-0.284448
0.153419
0.459362
0.212107
0.593079
0.478173
-0.332452
0.040941
-0.030299
-0.060997
0.498335
0.454386
1.315158
0.516884
0.167464
0.789341
-0.252880
-0.052842
0.214673
0.506079
0.035106
1.062926
-0.502494
-0.007968
-0.020921
-0.369252
-0.102767
-0.256797
-0.399076
0.012339
-0.224559
0.002666
-0.362451
-0.262985
-0.299210
-0.040864
-0.077069
-0.139187
0.135029
0.057490
-0.000683
-0.127096
-0.011896
0.288318
0.300155
0.308905
-0.305247
-0.201729
-0.067589
0.162033
0.291460
0.170118
0.013090
0.237487
-0.060899
0.536381
-0.018772
-0.018017
0.056693
-0.397414
-0.166670
0.202943
0.041555
-0.340966
-0.372460
0.037312
0.158041
-0.309010
0.071895
0.785054
-0.084249
-0.053818
-0.116893
-0.200076
0.092927
0.342772
-0.213126
-0.223371
0.080233
0.012259
-0.011091
-0.102153
-0.094444
0.643071
-0.243431
0.204389
-0.264683
-0.087572
-0.226677
-0.465092
0.227200
0.332823
0.127455
-0.106369
-0.159857
0.345883
0.487976
-0.011984
0.333506
0.263343
0.447446
-0.253918
-0.140173
-0.118174
-0.213180
-0.007026
0.023141
-0.057792
-0.103739
-0.138570
-0.183341
-0.391673
-0.394151
0.027773
0.153298
-0.392356
-0.322303
-0.189048
0.031098
0.037564
-0.173950
-0.102365
-0.006917
0.240083
0.020925
0.014436
-0.317501
-0.104498
0.040038
-0.046996
-0.206364
-0.127276
0.246169
0.031716
-0.214849
-0.132635
-0.301742
-0.562780
-0.517087
-0.078961
-0.068097
-0.306372
-0.055783
-0.097359
0.409810
0.068722
0.653352
-0.015687
0.008678
-0.143025
-0.330300
-0.289892
-0.150496
-0.425714
-0.368998
-0.147722
-0.713492
-0.193304
0.455337
0.324354
0.074303
-0.467878
-0.173982
0.139703
-0.007340
0.242676
-0.149027
-0.059295
-0.604781
-0.337921
0.044589
0.178836
0.172816
0.020531
0.001354
-0.018076
0.078449
-0.257842
0.082556
-0.325492
0.106451
1.035826
-0.239050
-0.320933
-0.218598
-0.168291
-0.179705
-0.330963
-0.054542
-0.187028
-0.092129
0.126403
-0.061055
-0.078615
-0.081254
-0.029382
0.033043
-0.361691
-0.210890
0.075683
0.013583
0.795990
0.028877
0.289728
-0.655942
0.370971
-0.149719
-0.350653
-0.115754
0.297419
-0.540860
0.132121
0.100542
-0.093229
-0.197007
0.104887
-0.048654
-0.309051
-0.176164
-0.231771
0.012658
-0.302361
0.080863
-0.173006
0.017009
-0.012982
-0.257829
0.326415
0.425798
-0.227378
0.047541
-0.067680
0.099824
0.101255
-0.103425
0.239648
0.000514
-0.211845
-0.126972
-0.016559
-0.005672
0.103739
-0.047598
-0.056987
0.043659
-0.003828
-0.106061
-0.145677
-0.992028
0.014384
-0.004186
1.000197
1.024253
0.654445
-0.200224
-0.354534
-0.070606
-0.351481
-0.286787
-0.081102
-0.350231
0.133188
0.011142
-0.232381
-0.253846
-0.102582
-0.081515
-0.015874
0.190566
-0.194643
-0.090924
0.173871
-0.080170
-0.023105
-0.067630
0.149937
-0.429582
-0.054366
0.329600
-0.159659
0.511950
0.005101
0.028792
-0.088893
0.254336
0.613972
-0.277283
0.140895
-0.128501
-0.131436
-0.263623
-0.087702
-0.168329
0.040754
0.850695
-0.113384
0.517935
-0.151891
-0.272635
-0.269266
-0.071141
0.154927
-0.149804
-0.132717
-0.125887
-0.306235
-0.349830
-0.180542
-0.117234
-0.106431
-0.496003
0.020139
-0.236002
-0.062806
0.971976
0.514304
-0.201357
-0.151255
-0.303692
-0.435542
0.153780
-0.038020
-0.456266
0.214016
0.041269
0.053927
-0.171460
0.009832
-0.475208
0.162490
0.013713
-0.177308
-0.410924
0.305715
-0.133907
0.106243
-0.075635
-0.006061
-0.059845
0.105740
-0.122107
-0.042907
-0.056748
-0.134738
-0.102542
-0.133363
-0.111993
-0.233673
0.273699
-0.136638
0.106942
0.132526
0.192992
-0.115019
-0.274818
-0.533637
-0.141151
-0.479474
-0.221724
-0.005587
-0.230691
-0.242794
-0.215106
-0.079770
-0.030905
-0.216768
0.457506
0.196948
0.369002
-0.049727
-0.075184
-0.006165
0.017810
-0.069594
-0.016136
0.028597
-0.076338
-0.121281
-0.114806
