-0.340799
0.282401
0.022625
-0.154605
0.231970
-0.011453
0.088459
0.411050
-0.241819
0.427178
0.252543
-0.079120
-0.303903
-0.201277
-0.026821
-0.019582
-0.335844
-0.475248
-0.667961
-0.262584
-0.063497
0.047733
-0.477469
0.001355
-0.727448
-0.174521
0.119685
-0.538276
-0.400572
-0.058985
1.304271
-0.053740
-0.057568
-0.046303
0.179053
-0.350088
-0.041722
-0.182385
0.443104
0.223224
0.009294
-0.177132
-0.116237
0.106210
-0.141599
-0.153535
-0.048790
0.065885
-0.528451
-0.382180
-0.263162
-0.034113
-0.484641
-0.084606
-0.719448
-0.272287
-0.215168
0.173344
0.084063
-0.100709
-0.092613
-0.067179
-0.038799
0.035878
-0.023048
-0.347442
-0.069681
0.675524
-0.042814
-0.090808
-0.020773
-0.107255
0.842338
0.010815
0.043738
-0.603032
-0.427489
-0.312238
0.173629
-0.123322
-0.410475
0.174701
0.414287
0.305358
0.020126
-0.104123
-0.158959
0.004532
-0.191790
-0.029397
0.047660
0.017506
-0.097236
-0.020725
0.032804
-0.050117
-0.151622
-0.072078
-0.063618
-0.004659
-0.155383
0.030769
-0.123748
0.177624
-0.277201
-0.213547
-0.030643
-0.138708
-0.411402
-0.020925
-0.281357
-0.302212
-0.286675
-0.110408
-0.299178
0.018539
0.675784
0.375230
-0.052379
-0.061928
-0.025584
-0.028541
0.057948
0.051767
-0.228584
-0.003439
-0.425807
0.192983
0.430711
0.145105
-0.289994
-0.140293
-0.002422
0.256293
-0.152115
-0.085812
-0.173014
-0.107143
-0.144707
0.094069
0.012601
0.008818
0.115403
-0.165966
-0.017847
0.013004
-0.344731
-0.153098
-0.174686
0.474231
0.248554
0.022464
0.121184
0.061377
-0.014905
0.207067
0.244632
0.243002
0.015975
0.146382
0.257444
-0.437221
-0.586967
-0.011223
-0.014361
-0.285523
0.017728
-0.149677
-0.465683
-0.267090
0.422450
0.145967
0.050848
-0.121779
-0.350655
-0.165133
-0.067301
0.011583
0.131258
-0.158182
-0.268466
-0.224276
0.088502
-0.086253
-0.059514
0.816575
0.142087
0.002822
-0.110120
-0.237166
-0.254720
0.924892
0.027398
-0.011401
-0.130771
0.020684
-0.043987
-0.125562
-0.182150
-0.118010
0.024924
0.347113
-0.121264
0.300098
-0.099684
-0.282266
-0.677155
-0.589932
0.056980
-0.418825
-0.337226
-0.045094
-0.006900
-0.128020
-0.150316
0.030790
-0.211371
-0.613751
-0.052817
-0.113823
-0.127825
-0.043010
-0.146234
0.524588
-0.020720
-0.076676
-0.228775
-0.452194
0.007201
-0.212081
-0.373427
-0.231155
-0.147962
-0.185704
0.156778
-0.273567
-0.393409
-0.132353
-0.128311
-0.052098
-0.236815
-0.011877
0.049568
-0.016249
-0.089054
-0.028927
-0.058611
0.144007
-0.096616
0.220357
-0.042023
-0.261403
-0.131223
-0.457222
-0.432655
-0.412958
-0.366615
-0.000859
-0.268321
-0.180388
-0.179714
0.179804
-0.083090
-0.426797
0.141207
-0.116038
-0.019986
0.071078
-0.214309
1.071089
-0.136747
-0.319324
0.044750
0.418172
-0.133610
0.150818
-0.127589
-0.050264
-0.359058
-0.054502
-0.388526
0.136963
-0.038202
-0.419159
-0.069482
-0.219171
-0.039776
0.944415
0.768044
0.014724
-0.639655
0.078897
0.407234
0.398376
0.626819
0.437337
-0.826074
0.186517
0.054592
0.028991
-0.079898
0.341430
-0.774564
-0.324621
-0.168880
-0.036662
-0.610623
-0.240892
-0.156567
-0.278908
-0.273447
-0.254497
-0.088085
0.041049
-0.080339
0.105309
-0.075403
0.006059
-0.026442
0.148697
-0.027522
-0.096347
-0.090427
0.029969
0.015274
-0.120777
-0.096256
-0.369742
-0.359981
-0.214200
-0.030835
-0.082334
-0.272521
-0.253389
0.065755
-0.184043
-0.405997
0.074395
0.045802
0.152373
-0.018260
0.463518
-0.147417
0.494947
-0.237222
0.081390
0.088915
-0.292756
-0.078295
0.121740
-0.034590
-0.149281
-0.166771
-0.238264
0.191747
0.307245
-0.254001
-0.165216
-0.618753
0.106595
-0.221683
-0.089403
-0.098785
-0.229216
-0.091240
-0.037318
-0.180276
0.091733
-0.152828
-0.194604
-0.056485
-0.325367
-0.169411
0.535279
1.223770
-0.214579
0.063826
-0.140614
0.008406
-0.165257
-0.344801
0.163797
-0.015896
0.344079
-0.042282
-0.012609
-0.013166
-0.130577
-0.024630
-0.295575
-0.067627
-0.054748
-0.131610
0.187261
-0.229632
0.750469
-0.076316
-0.060363
-0.296323
-0.264855
-0.194464
-0.205704
-0.090330
-0.175621
-0.711845
-0.480172
0.418278
0.572720
-0.301643
-0.116537
-0.157355
0.915397
-0.083084
0.404571
-0.010440
0.035074
-0.067627
-0.039133
-0.080605
0.083986
-0.023378
-0.085107
0.384331
-0.488629
-0.013105
-0.043276
-0.003778
-0.002960
-0.067580
-0.108745
-0.365339
0.187470
0.253588
0.093130
-0.161395
-0.030809
-0.097591
0.012824
-0.035443
0.259449
-0.100709
-0.352487
-0.049409
-0.103211
0.153101
0.124655
-0.035443
0.064512
-0.197043
-0.528979
-0.052874
-0.081749
-0.130532
-0.023122
-0.313446
-0.123883
0.003475
-0.211799
0.347659
0.607053
0.768307
-0.338111
0.289883
-0.235634
0.029155
-0.160224
-0.427200
-0.292819
0.423392
-0.012295
0.259842
-0.078873
-0.067612
-0.292513
-0.153189
-0.143621
0.179921
0.754801
-0.198096
-0.135618
0.057393
-0.187304
-0.063247
0.158577
0.511633
0.210646
-0.011885
0.246800
-0.110279
-0.005910
-0.276660
0.317302
0.244523
-0.013898
-0.057904
0.600864
0.260950
0.049349
-0.130456
0.034012
-0.216100
0.040208
0.257549
-0.103222
-0.033801
-0.108940
-0.322453
0.150462
0.174045
0.404102
-0.004884
-0.058724
0.524645
0.299190
-0.552646
-0.248828
-0.159427
-0.015206
-0.021544
-0.034803
-0.276299
0.076398
-0.482741
-0.104089
-0.075645
-0.117347
0.008880
-0.160191
0.147143
-0.264708
-0.125619
-0.135571
-0.256584
-0.208829
0.039660
-0.085863
0.233566
0.061411
0.182607
0.351984
0.140045
-0.263579
-0.207309
-0.213332
-0.116525
-0.117898
-0.254782
-0.514898
-0.475263
0.009026
-0.118417
-0.154485
-0.263366
0.075473
-0.246145
0.013203
-0.384299
-0.149927
-0.206253
-0.193420
-0.207344
0.084021
-0.093869
-0.326284
-0.070560
-0.244886
-0.001786
-0.076698
-0.277502
-0.426539
-0.172517
-0.071868
-0.335725
-0.298423
-0.240514
-0.151041
0.913203
-0.020564
-0.103301
-0.436052
-0.403908
-0.135279
0.021729
0.026049
0.104114
-0.032872
-0.442988
-0.358564
-0.260689
-0.151929
0.062542
0.017430
0.095105
-0.127255
-0.128197
-0.041928
0.070149
-0.143847
-0.032980
-0.184684
-0.127937
-0.160381
-0.463721
-0.130450
1.108163
-0.334936
-0.061841
-0.289944
-0.191980
-0.146624
0.180070
-0.187107
0.177798
0.054918
-0.226545
0.981379
-0.133072
-0.085664
0.362359
-0.152948
-0.356890
-0.117988
-0.098640
0.588664
-0.102950
-0.785811
-0.712519
0.375429
-0.154901
-0.282464
-0.084609
-0.006860
-0.188274
-0.085797
-0.156547
-0.413983
-0.160189
-0.144587
-0.153598
-0.044943
-0.119637
-0.195447
0.067830
-0.068091
-0.174286
-0.029043
-0.313806
-0.211022
0.128457
-0.223716
0.508335
0.346896
-0.275896
-0.030391
0.146514
0.033512
0.094988
-0.103139
-0.109921
0.270640
-0.122620
0.092697
-0.053056
-0.042825
-0.501751
-0.145338
-0.179238
-0.143907
-0.320151
-0.371012
0.357126
-0.279406
-0.237166
-0.262597
-0.130646
-0.035168
0.068991
0.436485
0.254175
-0.035069
-0.055044
-0.038029
-0.176203
0.455558
-0.143299
-0.044465
-0.124830
-0.259757
-0.387766
-0.138364
-0.029677
0.022228
0.053439
-0.077285
-0.222584
-0.154897
-0.099394
-0.138427
-0.149527
-0.057831
0.137122
0.433528
0.103993
-0.379803
-0.333645
0.020704
-0.417483
-0.068008
-0.067497
0.028896
-0.219087
-0.064699
-0.123455
-0.154360
0.029156
-0.213477
-0.330587
-0.267051
-0.176062
-0.104716
0.260841
-0.204268
0.050767
-0.108402
-0.032597
-0.076910
-0.055237
0.383465
-0.198837
0.840734
0.750039
-0.099112
-0.133313
0.469303
0.007419
-0.176556
-0.054391
-0.112943
-0.098273
-0.079083
-0.376637
-0.055467
-0.106024
-0.063710
-0.164109
0.193585
-0.035637
-0.387029
-0.613137
-0.186830
0.109551
0.107213
0.761002
0.024294
-0.002973
-0.018244
0.018525
-0.298975
-0.235259
-0.164783
0.077167
0.010570
0.312617
-0.203038
-0.527703
-0.605148
-0.277284
-0.261824
0.718895
-0.252850
0.081829
0.009840
0.494794
-0.213239
0.059165
-0.072179
-0.040872
-0.054079
-0.071528
-0.091087
-0.008834
-0.605187
-0.201904
-0.356851
-0.239195
-0.065676
-0.158181
-0.006824
-0.123788
-0.122371
-0.081702
-0.230787
-0.555880
0.660289
0.562994
0.486599
-0.146367
0.076944
0.248663
0.156753
-0.231354
-0.327929
-0.087320
-0.019827
-0.241863
-0.086490
-0.125186
-0.107818
0.326612
0.296510
-0.314400
-0.030367
-0.143619
-0.060759
0.010400
0.044681
-0.204048
0.225370
0.021872
-0.091148
0.252486
0.006980
0.081223
0.057904
0.478169
-0.229263
-0.292635
-0.115969
-0.058348
0.388398
-0.571410
0.070099
0.152850
0.096331
-0.062957
-0.064907
-0.178865
-0.006405
-0.094639
-0.265775
-0.162385
-0.175508
-0.119402
-0.260573
-0.105090
-0.243814
0.030484
0.832302
-0.176748
-0.176574
-0.087117
0.038900
-0.082542
0.020771
-0.029995
-0.144709
-0.069929
-0.019069
0.958319
0.501889
-0.060980
-0.203948
-0.251396
-0.120815
0.114759
-0.103567
-0.115288
-0.129183
0.152012
0.337469
-0.212988
-0.298167
-0.001295
0.364311
-0.156865
0.013128
-0.089440
-0.062133
-0.177477
-0.236696
-0.154697
-0.276998
-0.287609
-0.311894
-0.160018
-0.131397
-0.282981
-0.270080
-0.118044
-0.363572
-0.509572
-0.032597
-0.120087
0.069517
-0.046667
0.012155
-0.099448
-0.039223
0.809873
1.071526
0.135779
0.228324
-0.104656
-0.171815
-0.180687
-0.231602
-0.222072
-0.163761
-0.181222
0.058530
-0.079292
0.013070
0.006050
0.255555
0.522776
-0.071006
-0.041282
-0.040369
-0.444435
0.105862
0.454729
0.142995
-0.336599
-0.205640
0.083976
-0.324088
-0.002888
-0.081486
-0.150325
-0.220838
0.741884
0.951995
-0.131850
-0.332376
-0.094686
-0.198243
-0.227546
0.203466
-0.120194
-0.551121
-0.102526
-0.188860
0.054602
0.116117
0.036822
-0.103036
-0.103832
0.124270
0.295613
-0.087879
-0.334161
-0.071336
-0.011708
-0.103774
-0.163295
-0.177133
-0.144154
-0.210933
0.411627
-0.079171
-0.129240
-0.062975
-0.217067
-0.176285
-0.179996
-0.361485
-0.008203
0.436428
0.186677
-0.056240
0.099731
0.016688
-0.154681
-0.113624
0.159771
0.101632
-0.088055
-0.133015
-0.980275
-0.000157
0.257413
-0.049978
-0.048754
1.181344
-0.016672
-0.023926
-0.039976
0.010584
-0.573407
0.267943
-0.085004
0.629046
-0.166494
-0.153294
-0.000419
0.046794
0.146071
0.028730
-0.568571
-0.250506
-0.211864
0.010315
-0.183974
-0.474523
-0.442233
-0.062315
-0.248308
0.720432
0.212611
-0.041892
0.043152
0.000853
-0.097151
-0.074527
-0.031420
-0.334323
-0.061334
-0.238411
-0.179132
-0.183007
-0.014519
-0.032278
-0.250287
-0.237522
-0.248064
-0.711569
0.091800
-0.027697
-0.230301
-0.453608
0.161601
0.131342
0.225737
0.217967
1.055818
-0.367915
-0.088397
0.020445
0.120330
-0.064208
-0.202789
-0.305486
-0.912135
-0.200580
0.149520
0.126532
0.098524
-0.880665
-0.406916
-0.311649
-0.014694
0.291869
-0.138289
-0.332629
-0.139049
-0.198011
-0.034492
0.668350
0.290314
-0.319484
0.124616
-0.378497
0.440202
-0.236877
-0.328061
-0.546151
-0.531858
0.370237
-0.091520
-0.554712
-0.114815
-0.071036
-0.252152
-0.177599
0.296657
-0.157471
-0.217358
-0.173561
0.014302
-0.225774
-0.290715
0.272713
-0.007709
0.087592
0.084225
0.233644
0.080563
-0.116515
0.561372
0.032409
0.155756
-0.118949
0.099406
-0.165606
0.051406
0.458304
0.740971
0.110394
0.181597
-0.084227
-0.005480
-0.169009
0.000617
0.322867
0.267246
0.941730
-0.001437
0.223645
-0.057696
0.622419
1.203776
0.280417
0.037265
0.109465
0.076645
-0.365667
-0.209016
-0.447117
-0.087621
-0.012303
-0.131418
-0.619407
0.160660
-0.047452
0.103714
0.467007
0.346449
-0.175006
-0.195447
-0.287255
-0.258295
-0.121966
0.055903
-0.194375
0.171659
0.134275
-0.011122
-0.033852
0.027955
0.541522
0.432191
0.088203
0.050059
-0.176108
-0.254737
-0.461224
-0.364981
-0.355542
-0.197411
-0.567925
-0.056079
-0.139755
0.415227
-0.077292
0.044697
0.035744
-0.166047
-0.014917
0.000448
0.124497
0.119426
-0.104998
-0.401949
-0.709047
-0.083487
0.292647
-0.152585
0.098734
0.040561
0.678945
0.205520
0.142955
0.122548
-0.133638
-0.117571
0.205964
-0.442066
-0.222734
-0.133487
-0.039262
-0.205289
0.042113
-0.134117
0.821853
0.145398
0.160576
-0.139922
0.330905
0.565107
0.153644
-0.173434
-0.163056
-0.216739
0.091179
0.126062
0.023645
0.413117
-0.252412
0.211295
0.146987
0.139097
-0.422551
-0.426683
-0.082879
-0.112346
0.090602
-0.284739
-0.004216
-0.301357
0.016980
1.746714
0.622306
0.361195
0.070947
0.192615
-0.048523
-0.278122
-0.467627
-0.620241
0.278315
-0.107881
-0.284586
-0.289213
-0.347170
-0.176672
-0.409365
0.108025
0.076412
-0.368930
-0.495579
0.063351
0.836684
0.266813
0.244946
0.765348
-0.116638
-0.746571
-0.415527
0.726476
-0.132353
-0.029242
-0.096089
0.905178
0.749783
-0.027200
-0.080954
-0.075939
-0.158620
-0.448762
-0.199771
-0.200074
-0.075134
-0.092775
-0.132909
0.167987
0.111851
0.194241
0.152470
0.271513
0.235103
-0.070308
-0.113625
1.308724
1.402184
0.088910
-0.105079
0.239588
0.206577
0.038672
-0.126953
-0.114624
-0.186595
-0.088140
0.335162
0.229687
-0.028616
-0.013531
1.031800
0.135859
0.283883
0.130308
0.037993
-0.089155
0.142894
-0.011097
-0.171547
-0.204358
-0.042518
0.076152
0.370358
-0.561522
-0.436457
-0.205877
-0.203228
-0.066050
-0.049717
-0.265892
-0.099543
0.367222
0.097347
0.025026
-0.086049
0.079972
0.188259
-0.182365
-0.083292
-0.157297
-0.133862
-0.209704
1.295650
-0.305205
-0.284892
-0.590304
-0.100584
-0.274631
0.068039
-0.125756
0.082814
0.851236
0.027633
0.129611
0.068652
0.140876
0.524706
0.048424
0.553424
-0.062245
-0.165891
-0.065473
-0.097705
0.032597
-0.022094
-0.005227
-0.156915
-0.260892
-0.263663
-0.151794
-0.257617
-0.275306
-0.220563
-0.546734
0.084111
-0.551794
-0.372444
-0.209859
-0.451766
-0.052311
0.687341
0.437639
0.248953
-0.261516
0.272252
0.222474
0.271938
0.291879
-0.137316
0.121618
-0.269959
-0.044014
0.092876
-0.533995
-0.067713
0.629082
1.277100
-0.254751
0.010164
1.235062
0.045335
-0.397478
-0.263544
0.017831
-0.324233
0.433944
0.223785
-0.222330
0.058940
0.028773
-0.193466
-0.021432
-0.100820
-0.410701
-0.163371
0.093041
-0.506748
0.017287
-0.070073
-0.234746
-0.027736
-0.435454
-0.353198
-0.398091
-0.455433
0.075209
0.517826
1.056204
1.698991
0.072384
0.220280
0.141159
-0.156383
0.033884
-0.201815
0.183387
-0.230789
-0.162423
-0.172960
-0.252927
-0.174108
-0.222306
-0.243893
-0.248703
-0.238720
-0.157789
-0.154590
-0.128279
-0.201504
-0.123510
-0.123771
-0.100695
-0.185033
-0.223788
-0.080677
-0.246892
-0.289501
-0.445629
-0.365802
-0.130160
-0.077717
-0.180237
0.121871
0.589060
-0.056485
0.053332
-0.450844
0.017422
-0.080743
0.180135
0.058789
0.986143
-0.224328
0.107612
-0.199727
-0.106216
0.127322
-0.022190
-0.214923
0.547677
-0.132416
-0.138483
0.124493
-0.084997
0.139773
0.185431
0.288776
-0.220856
-0.233912
0.142005
-0.160768
-0.045769
-0.060017
-0.050425
-0.058051
-0.092906
-0.121754
-0.156651
-0.289565
-0.277335
-0.250914
0.149395
-0.054117
0.108349
0.323314
0.582236
0.035720
-0.135701
-0.222071
-0.182666
-0.081317
-0.313455
0.088562
0.269347
0.173372
0.040179
-0.205440
-0.394113
-0.028438
-0.245886
0.100058
-0.229170
-0.681590
-0.162609
0.495360
-0.072332
0.114570
-0.591097
0.116856
0.229450
0.382990
0.422321
-0.328952
1.055201
0.189788
0.072148
-0.153106
-0.452130
-0.522331
-0.246359
0.127793
1.240135
-0.103789
0.102758
-0.113968
-0.056602
-0.040906
1.495132
1.551820
0.399623
0.144948
-0.092876
-0.035192
-0.189019
-0.112287
-0.123703
-0.152332
-0.014881
0.584806
-0.210963
0.024755
0.094856
0.210758
0.333150
-0.078195
-0.370861
-0.170827
0.139047
0.121437
-0.107815
-0.142989
-0.167267
-0.084249
0.260346
0.251194
0.268297
0.268051
-0.346230
-0.324973
-0.423029
0.240158
-0.432844
0.082846
0.398315
-0.157733
-0.201510
0.521650
-0.048177
0.320186
-0.098068
0.008463
-0.548719
-0.275419
-0.296509
1.757587
0.074496
0.288180
-0.190685
0.245933
0.167035
0.195083
0.084324
-0.057424
-0.186710
-0.263209
-0.263725
-0.216179
-0.124897
-0.079797
0.252487
0.030375
-0.592296
0.577384
0.242852
-0.183045
0.155796
-0.115319
0.070172
-0.414937
-0.003876
0.216284
-0.171103
-0.263317
-0.426851
-0.171363
-0.247726
0.296715
0.023013
0.717071
0.411556
0.100244
-0.578574
0.634300
-0.139901
-0.030911
0.365863
-0.560363
-0.321641
-0.141314
-0.078674
0.170890
0.425893
-0.095092
-0.002490
0.113086
0.059554
-0.069366
-0.061079
-0.085276
-0.529561
0.189871
0.603525
0.090380
0.256123
-0.436667
-0.308363
-0.051852
0.141286
-0.154370
0.070308
-0.171979
-0.227220
0.261909
-0.031128
0.328639
-0.018763
-0.048238
-0.135219
-0.065169
-0.207695
-0.119386
-0.316269
-0.209691
0.620427
0.095544
-0.577340
0.371535
0.244443
-0.023288
-0.073062
-0.211733
-0.036618
0.242760
-0.344000
0.260531
-0.332373
0.259163
0.246944
0.076023
0.212052
0.112513
0.323624
-0.648937
0.744735
-0.299900
-0.246250
0.582177
-0.021478
-0.049469
-0.660823
0.088649
0.133303
0.132810
-0.645274
-0.053202
0.176329
-0.128831
0.100860
-0.307407
-0.127370
-0.129124
0.140493
-0.347197
-0.076064
-0.083424
-0.513438
0.125531
0.074387
-0.822555
0.348223
0.331148
0.025604
0.043573
0.100352
0.176059
-0.177520
0.538884
0.230259
-0.188135
0.050472
0.047215
-0.203559
-0.207249
-0.197484
-0.037331
0.493575
0.740985
0.055536
0.287236
-0.199410
-0.180957
0.024022
-0.197810
0.181447
0.274029
0.021154
0.091890
0.348586
0.944388
-0.313589
-0.316619
0.105295
0.189527
0.068212
-0.255501
-0.361413
-0.045908
0.256778
0.722381
0.264625
-0.243719
-0.161808
-0.339050
-0.191195
0.302261
-0.175079
0.187023
1.402086
0.289374
-0.159871
0.057582
-0.070806
0.405748
-0.243380
-0.148789
0.633105
-0.437226
0.107020
-0.421942
-0.273392
-0.123676
0.404290
-0.502029
-0.177686
-0.026699
0.078720
0.018386
-0.144222
-0.457798
0.027149
-0.324420
0.119872
0.035903
0.017116
-0.143198
-0.233705
-0.402106
-0.284516
0.385960
0.044945
0.014497
0.294843
-0.915525
-0.410276
-0.461411
-0.215017
-0.268935
0.067172
0.063657
-0.363686
-0.751661
0.121063
-0.329187
0.408710
-0.090823
-0.128368
0.252071
0.271156
0.192673
-0.235388
0.220613
-0.161522
-0.127603
0.049477
-0.094130
-0.135495
0.191845
-0.709110
-0.049806
-0.265424
-0.216176
0.962557
0.952059
-0.085069
0.558979
0.018019
-0.253131
-0.061948
-0.134650
-0.071618
-0.059770
-0.053532
-0.072917
-0.131143
-0.473191
-0.054227
-0.322525
0.785673
0.005292
0.061822
0.100349
0.127396
-0.131379
0.098201
-0.114691
-0.175925
1.411884
0.752611
-0.098137
0.513647
-0.057384
-0.006006
0.668200
-0.150780
-0.043742
0.218359
-0.141432
0.202143
0.173742
0.138429
-0.126294
-0.063742
-0.089026
-0.160151
0.040584
-0.465844
0.095952
0.043560
-0.091904
0.109974
-0.128149
0.079638
0.230474
0.486285
-0.635005
0.863396
0.676263
-0.217537
-0.226730
-0.032828
-0.111442
-0.066723
-0.163346
-0.025567
0.216631
-0.023262
0.133263
-0.103370
0.107014
0.279828
-0.109502
-0.240146
-0.117539
-0.721398
-0.269039
-0.387346
-0.241668
-0.252230
0.170880
-0.121217
-0.050373
-0.111458
-0.120134
-0.127974
0.096448
-0.134412
-0.419789
-0.036497
0.423560
0.276131
-0.248916
-0.064964
-0.476303
-0.583375
-0.331499
0.667720
-0.314378
-0.364965
-0.512771
-0.169941
-0.228958
-0.064773
-0.181821
0.068199
-0.326995
-0.247632
1.700555
-0.308348
-0.391481
-0.150639
0.086729
0.986549
0.023022
0.193798
-0.311883
-0.538592
0.743169
0.047525
-0.004736
0.286244
0.296781
-0.281466
0.029926
0.388547
-0.217913
-0.210336
0.054898
0.051505
-0.097356
-0.146716
0.043970
0.257784
-0.053807
-0.225448
-0.040725
-0.331176
-0.089362
-0.726707
-0.174258
-1.103951
-0.611797
-0.029770
-0.442011
0.183501
0.560084
-0.091053
-0.024739
-0.491393
-0.197125
-0.197891
1.238977
0.238802
-0.102794
-0.226340
-0.170022
0.089906
1.245320
0.160364
-0.339206
-0.201101
-0.201363
-0.183890
-0.272804
-0.040934
-0.259079
-0.164324
0.009333
-0.206099
-0.146008
-0.289156
-0.138636
-0.234922
-0.232082
0.297909
0.761312
0.014857
-0.388302
-0.130133
-0.213031
-0.239121
-0.166795
-0.180484
-0.100243
-0.140087
-0.095166
-0.150413
-0.386417
-0.357662
-0.043771
-0.097692
-0.494184
-0.196420
-0.231737
-0.127435
0.001558
0.290628
-1.319058
0.038592
0.041672
-0.270980
0.116829
0.120778
-0.038155
0.036427
-0.158347
-0.135251
0.055229
0.067337
-0.388212
-0.216358
-0.201571
-0.153251
-0.069738
-0.203544
-0.270956
-0.060065
0.090496
-0.289173
-0.573222
0.220073
-0.141188
-0.548665
0.617601
-0.074137
0.031003
0.087777
0.025090
-0.017842
-0.273791
-0.047911
0.060786
-0.210607
0.112648
-0.204852
0.067722
0.093551
-0.034866
0.063160
-0.343103
-0.096497
-0.220759
-0.289855
-0.208362
-0.340363
-0.279409
-0.138824
-0.304476
0.023092
-0.237555
-0.036353
-0.083195
-0.159534
-0.176436
0.295440
0.100158
-0.182063
-0.241671
1.308664
0.375740
0.333350
-0.202533
-0.405354
-0.180792
-0.095404
-0.189302
-0.095414
-0.162592
0.014414
-0.303804
-0.348064
0.024336
-0.187841
-0.226527
-0.128217
-0.079363
0.016457
-0.108298
-0.190491
-0.564787
1.452810
0.363981
-0.373569
-0.049416
-0.166969
-0.202934
0.156097
0.152747
-0.048456
-0.201730
0.028756
-0.118510
-0.177839
-0.253289
0.159632
0.227975
0.237467
0.266792
0.011780
0.089653
0.559839
0.186861
-0.145395
-0.164477
0.852391
0.281887
-0.226312
-0.204548
-0.199606
-0.127261
-0.343115
-0.049482
1.615802
0.093512
0.197835
0.094904
0.129998
0.236567
-0.054748
-0.319161
-0.231678
-0.828082
0.971279
0.125940
0.120565
0.951717
0.043738
-0.153082
-0.129171
-0.389283
-0.476823
-0.190470
-0.304794
-0.471117
0.323039
0.103476
-0.049625
-0.036485
-0.406980
-0.225167
-0.222567
-0.160381
-0.070819
0.140240
-0.527241
0.051080
0.230154
0.746265
-0.177359
-0.105994
-0.083430
-0.142425
0.437774
0.248122
0.274709
-0.220903
-0.180968
0.112273
0.381910
-0.055491
-0.207779
-0.129724
0.088712
-0.137610
-0.767581
-0.137152
0.022820
-0.174976
-0.078284
-0.069433
0.201696
0.162308
1.018188
0.152410
-0.219047
-0.018830
-0.459587
-0.190726
-0.357962
-0.096663
0.161833
0.020859
0.383626
-0.105928
-0.193101
-0.102832
0.094616
-0.439401
-0.519202
-0.141246
0.107355
0.422399
-0.034209
0.377165
-0.289489
-0.768976
0.168138
-0.791027
-0.141356
-0.423396
0.075311
-0.056565
0.055816
0.097242
-0.124132
-0.125856
-0.154938
-0.147670
-0.141195
-0.241855
-0.117807
-0.305983
-0.213638
-0.485929
-0.083714
-0.209572
-0.200475
0.272316
0.014493
-0.266987
0.415317
0.243724
0.002647
-0.052159
-0.055299
-0.140976
-0.308785
-0.220909
-0.243060
0.051453
-0.117167
0.012019
-0.046133
-0.339012
-0.262834
-0.149801
-0.099901
0.131753
-0.040978
-0.218214
0.059786
-0.322090
0.465024
0.602656
-0.137432
-0.105798
-0.198840
0.148527
0.674091
0.377792
-0.061556
0.082985
-0.031670
-0.236057
0.091776
-0.057890
0.197590
-0.119264
0.126219
-0.208723
0.106686
-0.282869
-0.322843
0.205384
1.632260
-0.272441
-0.095749
-0.041584
-0.273915
-0.302401
-0.088898
0.378803
-0.027793
-0.188433
-0.223608
-0.696433
-0.021240
0.151876
-0.081267
-0.093528
-0.364689
-0.144088
0.103361
-0.300708
-0.171685
-0.357924
0.106556
-0.157493
-0.286185
-0.167595
-0.171927
0.138223
-0.169362
0.903120
0.127867
0.031324
0.090241
0.026473
0.145626
-0.052001
-0.292706
-0.105381
-0.292551
-0.110767
0.322459
-0.530432
-0.246296
-0.222162
-0.233447
-0.028977
0.091486
-0.029462
0.502067
1.298092
1.229764
0.758339
0.312848
-0.235670
0.113066
-0.009560
0.029484
-0.029849
0.042133
-0.220594
-0.209416
-0.184425
-0.058471
0.126387
-0.080546
-0.479473
-0.054748
-0.232406
-0.282779
-0.264126
0.015154
0.177192
-0.209154
-0.183057
0.133881
0.033597
-0.052953
-0.752693
-0.559179
-0.001596
-0.158593
-0.020252
-0.030363
-1.147624
0.251438
-0.165532
-0.160799
-0.900012
-0.419207
-0.168132
-0.313132
-0.097354
-0.237665
-0.243890
0.566853
0.394337
-0.222627
0.324652
-0.204196
0.013088
-0.337004
-0.325078
0.014909
-0.176761
0.342736
0.006401
0.072873
-0.219244
-0.313547
-0.057807
-0.135706
-0.247761
-0.140178
-0.172850
-0.065032
-0.038935
-0.381576
-0.095146
0.059810
-0.573537
0.449104
-0.340398
-0.266842
-0.105922
-0.067242
0.050228
0.803645
-0.051221
-0.417419
0.375312
-1.164399
-0.180036
-0.449512
-0.812910
0.286613
-0.574712
-0.003987
0.415472
0.125656
-0.110817
0.001000
0.201090
0.320054
0.714288
-0.127213
-0.341993
-0.077549
-0.228094
-0.490224
-0.425534
-0.246679
-0.361209
-0.837444
-0.096794
-0.317831
-0.097145
-0.201843
-0.254434
-0.097904
-0.082969
-0.218098
-0.167236
-0.203466
-0.119616
-0.142531
0.120486
1.675128
1.471953
0.617640
0.661552
0.627738
-0.010677
-0.007114
0.149709
0.080160
0.161352
-0.004609
0.076977
-0.338722
0.442291
0.036101
-0.631216
-0.513590
-0.310592
0.475130
-0.304599
-0.143904
0.013688
-0.137748
-0.187011
-0.709914
-0.722190
0.041381
0.001065
-0.158316
-0.068173
-0.351666
0.383847
-0.163148
-0.137180
-0.447398
-0.505786
-0.228124
0.253512
0.006242
0.054693
0.140498
0.604353
0.098756
-0.170639
0.124135
0.273527
-0.048435
0.114342
1.544939
0.135304
0.134618
0.406471
0.032564
-0.013067
-0.767356
-0.263277
-0.050048
-0.442534
-0.318394
-0.033427
-0.678210
-0.137608
0.235469
-0.145338
0.062120
-0.117630
-0.126049
-0.166163
0.095265
0.083843
-0.284114
-0.092808
-0.135238
-0.280059
0.148533
-0.127383
0.013035
-0.031435
-0.095368
-0.148419
-0.154103
0.244369
-0.149069
0.825205
0.195822
-0.177851
-0.199082
0.048878
-0.011787
-0.168068
-0.442319
-0.153109
-1.044250
0.314100
-0.058055
0.225032
0.037354
0.222679
-0.061434
0.672762
-0.074467
0.146606
-0.038051
-0.252904
-0.080521
-0.357968
0.015357
-0.007163
-0.076188
-0.168815
-0.144512
-0.227849
-0.159356
-0.196320
-0.256294
-0.189108
-0.026001
0.041561
-0.538539
-0.253271
-0.109735
-0.050442
-0.196946
-0.433129
-0.051353
-0.303827
-0.059107
0.003977
-0.081524
-0.058331
-0.138787
-0.090233
-0.139610
-0.205353
-0.139321
0.300261
1.771088
-0.171593
0.059073
0.070875
-0.292289
0.268774
-0.229579
-0.114405
-0.067627
-0.400604
-0.161488
0.115155
-0.109689
-0.023265
0.056703
-0.748888
-0.191093
0.005427
-0.182101
0.018729
-0.029149
0.168177
0.021520
-0.174777
-0.212424
-0.049440
-0.145885
-0.099258
-0.569438
-0.020517
-0.298076
-0.054856
-0.158160
0.000565
-0.062518
-0.483566
-0.107993
-0.193463
-0.060929
0.220704
-0.037917
0.190051
0.096161
0.088966
-0.229892
-0.111575
-0.201204
-0.061354
-0.037012
-0.302027
-0.562380
-0.067387
-0.267475
-0.337149
-0.263398
-0.175525
-0.358632
0.012180
0.171491
-0.367239
-0.268849
-0.012432
0.203940
0.000328
0.058722
0.469564
-0.362131
-0.087945
0.347064
0.028327
-0.279482
0.032622
0.005634
-0.366602
-0.021507
-0.142126
-0.378555
0.125328
-0.375497
-0.327780
0.000482
-0.036713
0.020118
0.457591
-0.064980
-0.267455
-0.011726
-0.071069
0.125750
-0.111184
-0.126026
-0.465810
-0.170081
-0.240724
-0.289661
-0.327313
-0.248753
0.063286
-0.121337
-0.231814
0.100658
-0.051983
0.337430
-0.054202
-0.205303
0.074245
0.536964
-0.110638
0.079802
0.084182
0.451129
1.374934
-0.076285
0.005069
0.266824
0.357832
-0.003311
-0.046595
-0.212107
-0.242722
-0.038696
0.011335
-0.096633
-0.145789
0.017777
-0.179965
0.934418
-0.135376
-0.142073
0.333056
-0.045228
-0.113245
-0.269328
0.035510
0.463098
-0.217209
0.017234
-0.197833
0.798112
0.622045
0.551659
0.349760
0.052082
-0.053883
0.113533
0.025731
-0.084620
-0.013605
-0.158902
-0.201641
-0.129299
-0.418559
0.165766
0.075344
1.026689
0.386341
-0.103542
-0.288094
-0.057136
-0.076686
0.597827
0.438450
-0.737922
-0.249951
-0.072970
0.126638
0.176842
-0.205978
-0.223358
-0.087064
-0.028381
0.000606
1.627472
0.758436
-0.081808
-0.188942
-0.134666
0.006713
-0.123609
-0.092869
-0.022143
-0.141858
0.236196
-0.096719
-0.298831
-0.160381
0.144113
0.204436
-0.233243
-0.181745
0.440497
-0.296155
-0.036077
0.025784
0.217238
-0.201069
0.832076
-0.377984
-0.140178
-0.051717
-0.071207
-0.049231
-0.256515
0.128509
-0.263470
-0.000820
-0.085315
-0.156273
-0.098543
0.148022
-0.018092
-0.085727
-0.215364
-0.376852
-0.264865
-0.017381
-0.641616
-0.084181
-0.480196
-0.139179
-0.374010
-0.154868
-0.347754
-0.322365
-0.097263
-0.270201
0.078343
-0.019986
-0.100569
-0.215189
-0.024090
0.220369
0.173727
-0.114329
-0.265380
-0.222529
-0.132935
-0.113869
0.646179
-0.125765
-0.037637
-0.738801
-0.344783
0.069342
0.570845
0.047634
-0.236807
-0.366436
0.020893
-0.060997
-0.202819
-0.121348
0.812650
-0.040448
0.120224
0.330910
0.104861
0.106829
-0.286835
-0.130616
-0.209894
-0.103760
0.185792
-0.490767
0.878796
-0.113623
-0.071984
-0.024313
-0.068331
-0.202474
-0.301580
-0.094956
0.102731
0.008023
0.098747
-0.072042
-0.116932
-0.069678
0.271815
0.841172
0.008446
0.196706
-0.025187
-0.540404
0.123310
-0.234422
-0.207200
-0.130972
0.151644
-0.135710
-0.324417
-0.292209
-0.117136
-0.219122
-0.182053
-0.201176
0.210852
-0.120363
0.138226
-0.168617
-0.021538
-0.164967
0.000852
-0.188957
0.066378
1.506800
-0.467982
-0.191165
-0.202934
0.160040
0.179706
-0.109412
0.167835
-0.040393
-0.407175
-0.367457
-0.217783
0.374168
0.740526
-0.072062
0.191682
0.015472
-0.247966
0.446161
0.195908
-0.011631
-0.235947
0.506113
-0.658064
-0.494334
0.010882
0.245459
-0.096637
0.080303
-0.127100
-0.210452
-0.183081
0.029573
0.031938
-0.185880
-0.154078
-0.195614
0.032571
-0.164591
-0.573799
0.785948
0.065152
0.142108
-0.329907
-0.125004
0.966042
-0.091176
0.347857
0.263696
-0.237673
0.227070
0.325894
-0.042791
-0.035443
-0.268721
-0.156685
-0.109896
-0.387176
-0.254045
-0.197070
0.845779
0.410298
0.211305
-0.404597
0.103419
-0.016004
-0.014683
0.076393
-0.219713
-0.197698
-0.112477
0.326193
0.184852
0.192905
-0.234198
-0.052237
0.150194
0.172800
-0.140294
-0.369284
-0.078608
-0.170991
0.376389
-0.271602
-0.237093
-0.585692
-0.118134
-0.124230
0.018597
-0.037595
-0.304081
1.332057
0.086587
0.133654
0.009287
0.049257
-0.138747
-0.338273
0.005457
-0.228760
-0.170246
-0.242411
-0.448085
-0.153453
-0.281572
-0.177320
0.263766
-0.028570
-0.201113
-0.422008
-0.160646
-0.357232
-0.015449
0.224059
-0.012496
0.290819
0.644481
-0.034344
-0.006064
0.269827
0.317014
-0.224148
-0.171159
-0.176515
-0.083747
0.114114
0.122119
0.074683
0.165271
-0.230419
-0.060043
0.010158
-0.371801
-0.266399
0.006783
0.313209
-0.096467
0.681855
0.624755
0.787258
0.050518
0.099058
-0.259832
-0.273688
-0.062348
-0.064119
0.022479
-0.101597
-0.410768
-0.213568
-0.059254
-0.181337
-0.128712
-0.120410
-0.156239
-0.137268
-0.574017
-0.400625
-0.041139
1.573653
1.653257
-0.014308
-0.156522
-0.099761
0.121322
0.170332
0.590586
-0.083135
-0.082178
0.166479
0.055215
-0.203303
-0.036871
-0.901302
-0.056127
-0.504714
-0.299750
-0.171136
-0.080802
-0.398050
-0.127956
-0.620564
-0.276940
-0.119081
-0.236112
0.100709
0.038720
-0.431825
-0.439898
0.307343
-0.032532
0.007213
0.262063
0.256462
0.049807
0.094551
-0.102168
-0.053299
-0.051697
-0.075809
-0.461686
-0.425568
-0.225708
-0.617580
-0.389213
-0.021668
-0.119169
-0.091438
0.043043
0.186932
0.269739
0.292230
0.035315
0.657467
-0.126582
-0.025259
-0.210517
-0.089153
0.045843
-0.210712
-0.098495
0.186406
-0.177732
-0.155598
-0.207043
0.341914
-0.039521
1.437595
-0.382377
-0.803927
-0.148509
-0.360538
-0.234767
-0.226755
-0.069411
-0.046233
-0.117086
-0.352134
0.163422
-0.022529
-0.120614
0.010220
0.220086
-0.258022
-0.022840
-0.082983
-0.242100
-0.426367
-0.196577
-0.384792
-0.183244
-0.336602
0.226594
-0.100443
-0.170652
-0.008953
-0.056806
-0.120050
-0.118821
-0.299930
-0.031815
0.275740
-0.346451
-0.356318
-0.108626
-0.227622
-0.368101
0.425594
0.105048
-0.244274
-0.140516
-0.180875
-0.197580
-0.317066
-0.089291
-0.582373
0.273372
0.243517
-0.157268
-0.547637
-0.789833
1.385466
0.158127
0.406563
0.106930
-0.118628
-0.835854
-0.289018
-0.480296
-0.119531
-0.101122
-0.412374
-0.739989
-0.231971
-0.127889
-0.432060
-0.018928
0.012521
-0.275284
-0.085472
-0.053958
-0.086859
-0.078195
-0.067891
-0.033544
0.080608
0.052477
0.183633
0.105501
-0.220788
-0.290374
-0.101047
-0.122953
-0.272961
-0.282190
-0.063333
-0.296964
0.125254
-0.309342
0.293235
0.019310
0.072812
-0.183611
-0.098435
-0.052672
-0.131843
-0.160605
-0.105724
-0.026534
-0.312119
-0.152183
0.400714
0.437441
0.649649
-0.678895
0.147168
0.074883
0.114128
-0.237088
-0.444669
0.300777
-0.117910
0.148458
-0.278866
0.109796
-0.163987
-0.358809
-0.030954
-0.059507
-0.048114
-0.220874
-0.146321
0.030464
-0.220808
-0.739722
-0.251683
-0.324355
-0.085426
-0.102390
-0.053613
-0.102253
-0.128197
0.374732
-0.145177
-0.124080
-0.274653
-0.218065
-0.193561
-0.233946
-0.093068
-0.301786
-0.177066
-0.308793
-0.432753
-0.328169
-0.259833
0.188101
-0.207706
-0.275976
-0.082304
0.111285
0.022737
1.183868
0.541778
0.431219
-0.011358
-0.341751
-0.342926
-0.081831
-0.188904
-0.211534
-0.610615
-0.406799
-0.298654
0.038146
-0.046563
-0.089493
-0.211897
-0.192151
-0.202212
-0.115935
0.182242
0.031504
-0.161372
-0.024671
-0.339585
-0.151391
0.337915
-0.126130
-0.132957
0.100964
-0.401674
-0.113807
0.027225
-0.119459
-0.219822
-0.211102
-0.145115
0.022315
-0.056019
-0.290978
-0.197251
-0.107883
-0.443057
-0.512564
-0.553924
-0.410313
0.018853
-0.152248
-0.117122
-0.141934
0.375432
0.211769
0.165353
-0.096552
0.241049
-0.497293
-0.251665
-0.088727
-0.411286
-0.663463
-0.219793
-0.183283
0.289380
0.733793
0.436790
-0.178732
-0.105681
-0.215580
0.181109
-0.354484
0.263605
0.498028
-0.003258
0.254517
0.473847
0.018889
0.061992
-0.216637
-0.347468
-0.401091
-0.480481
-0.185861
0.139559
0.707871
-0.129312
-0.922493
-0.031131
-0.336096
-0.174490
-0.409506
0.036156
0.201751
-0.052365
-0.022948
0.319974
0.014245
0.000215
-0.414865
-0.289780
-0.090611
-0.119458
0.373300
0.166699
-0.044884
0.005660
0.161398
-0.364399
-0.218065
-0.020286
-0.317667
0.109937
-0.059372
0.053932
-0.240716
-0.141760
-0.067073
0.404108
-0.218373
0.059926
-0.175839
-0.516841
0.640940
0.171746
-0.122232
0.109972
-0.204222
0.199193
-0.003473
-0.191078
-0.405914
0.272321
-0.042829
-0.074283
-0.127599
-0.203077
-0.136549
-0.499320
-0.060202
-0.203625
-0.315535
-0.133511
-0.126590
0.176738
-0.411196
-0.473961
-0.207116
-0.151206
-0.118881
-0.309721
0.774599
0.163860
-0.238381
-0.235736
0.040894
-0.299537
-0.155053
-0.275565
-0.199154
-0.320035
-0.084112
-0.003258
-0.233402
-0.316070
-0.244168
-0.256479
-0.315662
-0.120483
0.044127
-0.009455
1.131839
-0.232768
-0.106439
-0.080512
-0.206205
-0.022064
-0.160381
0.321160
0.617446
-0.066587
-0.212150
-0.359390
-0.130901
-0.210806
-0.441647
-0.193177
-0.001750
-0.242431
-0.764624
-0.297815
-0.488713
0.201814
-0.097622
-0.165014
-0.083407
-0.393703
-0.220166
0.019996
0.219224
0.271092
-0.215285
-0.136332
-0.329652
-0.024178
0.033475
0.077702
-0.280053
-0.362159
-0.376705
-0.396964
0.000816
0.041778
-0.015430
0.121469
-0.190345
-0.096376
0.150771
-0.106314
-0.142810
-0.223555
0.085657
-0.139778
-0.012841
-0.013075
0.705116
-0.070338
-0.008110
-0.037499
-0.145830
0.502653
-0.082116
-0.124204
-0.454951
1.019881
-0.141784
-0.455733
0.974744
-0.030932
-0.120570
-0.200358
-0.026798
0.100261
0.022549
-0.023503
-0.106897
-0.384815
-0.160074
-0.067469
-0.103736
0.591718
0.410309
0.110163
-0.045993
0.031034
-0.621840
-0.270160
-0.515924
-0.412441
-0.272007
-0.096907
-0.147607
-0.166271
0.342235
-0.010619
-0.259539
-0.231991
-0.330215
0.099771
0.012465
0.200096
-0.099228
0.533092
-0.192966
-0.109645
-0.122326
0.269547
-0.027185
-0.177281
-0.129624
-0.506314
-0.350124
-1.062141
-0.932345
-0.011750
0.155322
-0.051131
0.376601
-0.033191
-0.503937
-0.257603
-0.133028
-0.433764
-0.523189
-0.779483
-0.192649
-0.033702
0.116449
0.110424
-0.146257
-0.054522
0.074836
-0.208214
-0.016496
-0.270770
-0.147728
0.329256
0.017667
-0.190871
-0.342600
0.035036
-0.261199
-0.183086
-0.082147
-0.210913
-0.715723
-0.107753
0.642641
0.206406
1.035630
0.282178
-0.100015
-0.024965
-0.733237
-0.315718
-0.004541
0.294064
0.019478
-0.322919
-0.118504
0.086128
0.037584
0.210161
0.157601
0.064928
-0.042094
-0.117736
0.144055
0.271129
0.244534
-0.116451
0.123386
-0.251951
-0.597335
0.154141
-0.287192
-0.260094
-0.487120
-0.694793
-0.112425
-0.045351
0.192403
0.126312
0.012441
0.142642
-0.023978
-0.175294
0.416828
-0.034376
-0.053877
1.068112
-0.134466
0.514778
-0.050810
0.434858
-0.006247
-0.327283
-0.629702
-1.169130
-0.303088
-0.090028
-0.756659
-0.237244
-0.166253
0.483734
-0.147830
-0.352688
-0.182210
-0.256489
-0.301849
0.004786
-0.232907
-0.070879
-0.117068
0.114886
-0.100000
0.408093
0.128087
0.430086
0.547818
0.016363
-0.101592
0.028981
-0.186710
-0.136113
-0.146680
-0.019114
-0.165884
-0.503233
-0.334285
-0.225829
-0.524709
-0.357736
-0.152161
-0.080092
0.095688
-0.273469
-0.137086
-0.473727
0.023390
-0.149627
-0.144944
-0.355368
0.095605
-0.060721
-0.242093
-0.528394
-0.142736
-0.489134
-0.372902
-0.535675
-0.362538
-0.323910
-0.281425
-0.206333
-0.142254
-0.321292
-0.154209
0.303399
-0.108261
-0.655478
0.462758
-0.137400
-0.016842
-1.038475
0.744609
-0.629327
-0.198141
-0.167621
-0.086727
-0.178727
-0.149327
-0.337326
-0.318744
-0.181263
-0.094178
-0.022435
-0.148711
-0.281219
0.705624
1.069071
0.238860
0.189540
0.932873
0.125646
-0.032280
-0.443171
-0.392501
-0.110589
0.218018
1.018981
0.220442
-0.348657
-0.095327
-0.169492
-0.117607
0.395594
0.852649
0.061467
0.314299
0.316479
-0.371981
-0.343993
-0.048853
-0.053091
-0.116086
-0.125619
-0.092811
0.264126
-0.373456
-0.241079
-0.104385
0.174878
-0.271999
0.241717
0.353671
0.386454
-0.141461
-0.460083
-0.285541
-0.032583
-0.137056
-0.249277
-0.144972
-0.053211
-0.045944
-0.068816
-0.654513
-0.730000
-0.311035
-0.074564
0.002346
0.302823
-0.129574
-0.248581
-0.184647
-0.177191
1.077370
0.709472
0.013725
0.049612
-0.076292
-0.063863
-0.132827
-0.257694
-0.179532
-0.374516
-0.052103
-0.405189
-0.231452
-0.103774
-0.095412
0.144187
-0.066910
-0.069604
0.231496
0.194848
-0.024318
-0.110324
0.110447
-0.281239
-0.212144
-0.093244
-0.111784
-0.378482
-0.084422
-0.304288
-0.298164
-0.017973
-0.057292
0.775780
0.765560
0.037172
0.159523
0.089176
-0.174726
0.224542
-0.407142
0.112546
-0.199123
-0.350649
0.063747
0.041801
0.040899
-0.306657
0.188691
-0.449482
-0.068722
1.358527
0.301433
0.015549
0.048181
-0.240751
-0.020640
-0.197218
0.062565
-0.443396
-0.354756
-0.439834
-0.281952
-0.154766
-0.211985
-0.531796
1.223103
0.049108
-0.060389
-0.074268
1.330271
0.353326
-0.136046
-0.289538
-0.324174
0.393058
0.029704
-0.438065
0.027406
-0.356669
-0.084013
-0.398733
-0.109603
-0.205228
-0.136067
-0.308901
-0.149019
-0.371280
-0.253790
-0.121695
-0.376953
-0.403815
-0.017372
0.507862
-0.010495
-0.086359
-0.313872
-0.285817
-0.140334
-0.151225
-0.329151
0.151537
-0.164968
0.179197
-0.070438
0.487127
0.045849
-0.035718
-0.152948
-0.064919
-0.538799
-0.324238
0.071954
0.092743
0.494437
0.050384
0.181341
0.379880
-0.137027
0.124861
0.385921
-0.246503
-0.066342
0.643439
-0.178679
-0.154849
-0.237863
-0.132022
-0.755642
-0.192639
-0.220182
0.266939
-0.025195
0.089243
-0.174490
-0.076416
0.064135
-0.159518
-0.163719
-0.197864
-0.219412
-0.316312
-0.354607
-0.229142
-0.104395
-0.134020
0.080252
0.178346
0.353894
-0.215254
-0.345903
0.000324
-0.142665
0.251347
-0.044151
-0.504927
-0.082466
-0.784734
-0.163610
-0.008408
-0.293007
-0.315943
-0.115072
-0.442323
-0.224866
-0.369948
-0.192259
-0.297306
-0.196596
-0.193956
0.086828
-0.175647
0.108175
0.014116
-0.716538
-0.101391
-0.160853
-0.124810
-0.170348
-0.150082
-0.177590
-0.246296
-0.179844
-0.164570
-0.097760
-0.108203
0.089280
-0.174025
-0.492416
-0.283047
-0.110324
0.031747
-0.371341
-0.122277
-0.242751
-0.293516
-0.236680
-0.829311
-0.104546
0.140214
-0.018922
-0.301837
0.342434
0.021786
-0.067761
0.006605
-0.305478
0.310880
-0.247982
-0.141983
-0.196208
0.076986
0.524822
-0.119272
0.265768
0.228363
-0.705748
-0.102045
-0.186401
0.413650
-0.106570
0.189922
0.083041
-0.033807
-0.059486
0.581911
-0.195447
-0.266528
-0.273632
0.431213
-0.249919
0.128036
-0.236358
-0.333743
-0.275543
0.660994
0.455716
0.514371
0.093041
-0.075596
-0.003214
-0.122841
0.215800
0.187683
0.059317
0.223029
0.668278
0.596580
-0.064536
-0.172826
0.109197
-0.335190
-0.101122
-0.280485
0.869116
-0.032733
-0.241626
-0.014105
0.233731
0.163723
-0.094205
-0.251500
-0.207654
0.603529
0.413907
-0.032242
-0.669648
0.162061
-0.993323
0.393815
0.266640
0.687384
-0.001067
0.285791
-0.117416
0.369297
-0.146349
-0.204864
0.003329
-0.298450
-0.118073
-0.108375
-0.232912
-0.132982
1.156734
0.027860
0.898122
0.655268
0.365252
-0.137281
-0.198952
-0.203422
0.020335
0.098115
0.413478
0.615148
-0.655427
-0.272214
-0.529163
-0.155541
0.104047
-0.103813
-0.024396
-0.072018
-0.050121
0.034390
0.401553
-0.393874
-0.218937
0.077455
-0.236596
0.718057
-0.148959
0.019365
-0.389922
-0.513979
-0.527701
-0.151168
-0.336473
-0.274291
-0.049200
-0.772217
-0.267463
0.006522
-0.113889
0.126785
-0.152581
-0.166613
1.018497
1.549466
-0.343827
-0.264821
0.434807
0.582315
0.196043
1.279628
-0.052611
0.139729
-0.113253
-0.024977
0.029442
-0.128275
-0.119764
-0.180845
-0.281644
0.347110
-0.197083
0.124023
-0.010750
-0.607673
0.142309
-0.297716
-0.452784
-0.635546
-0.025667
0.099075
-0.179898
-0.094821
-0.382151
-0.281452
-0.163838
-0.151332
1.542762
-0.090691
1.585142
-0.243412
0.235167
0.034481
-0.260497
-0.361120
-0.283882
-0.305854
-0.210572
-0.068709
-0.114436
-0.541856
0.169696
-0.101463
-0.093829
-0.051558
-0.581330
-0.108457
0.000304
-0.216767
-0.111114
0.102098
-0.102179
-0.300872
-0.135357
0.715443
-0.328080
-0.260050
0.218529
0.513852
0.334531
-0.052759
-0.160102
0.094472
-0.617942
-0.199398
-0.130675
0.279080
-0.086970
-0.185618
0.011481
0.376914
-0.013600
-0.116515
0.131256
-0.150665
-0.488620
-0.453507
-0.530642
-0.702473
0.020961
0.383916
-0.303792
-0.218270
-0.165704
-0.029645
-0.129129
-0.181687
-0.189361
-0.337779
-0.119090
0.036439
0.067763
-0.007914
0.435573
0.233969
-0.110706
-0.290535
-0.314349
-0.171963
-0.270928
-0.835770
-0.265460
-0.149745
-0.379025
-0.165606
0.131810
-0.601559
-0.304445
-0.199385
-0.127213
-0.030333
-0.211268
-0.079037
-0.104176
-0.670061
-0.743527
0.242835
0.070557
-0.309932
-0.049207
-0.175922
-0.221947
-0.252832
-0.078311
0.526094
-0.154298
-0.043278
-0.195211
-0.179573
-0.103086
0.078895
0.016674
0.146687
0.000460
-0.180381
-0.121564
0.095640
0.152952
-0.048807
-0.111682
-0.086680
-0.012749
-0.154629
0.121504
0.077885
0.169574
-0.218294
0.218966
-0.072791
-0.125947
-0.075253
-0.113422
-0.127061
-0.172015
0.021004
-0.116916
-0.169701
0.161066
0.088762
-0.184271
0.013433
-1.025250
-0.026947
-0.162418
-0.294868
-0.309287
-0.081322
-0.241837
-0.082186
-0.186461
-0.110647
0.225563
-0.022843
-0.084411
0.230971
0.047531
-0.229272
-0.185922
-0.086258
-0.081411
-0.131279
0.319350
0.741574
0.000202
-0.283697
-0.619076
-0.287169
0.222550
0.396055
-0.223673
-0.315593
0.096836
0.575153
-0.282642
-0.137463
0.043738
0.284712
0.335761
-0.728660
-0.026389
-0.194911
-0.287793
0.002535
-0.067473
-0.020971
0.230566
-0.229252
0.019575
0.763063
0.543635
-0.048463
-0.043504
-0.483700
-0.155206
0.284708
-0.145016
-0.054294
-0.288982
-0.113621
-0.313314
-0.368043
-0.144674
0.030718
-0.121020
-0.219087
-0.022060
-0.104138
-0.336473
-0.066877
0.362786
0.571293
-0.182280
-0.066856
-0.278281
-0.101820
0.353492
0.331893
-0.001224
-0.587595
0.002803
0.153249
-0.053541
0.207595
0.087318
-0.114957
-0.270256
-0.050022
0.012330
-0.252804
-0.172950
-0.055900
-0.145283
-0.324678
-0.129042
-0.047025
-0.081635
-0.111264
0.780437
-0.157954
-0.014637
-0.172641
-0.257111
0.084754
-0.499654
0.135684
0.347233
-0.176636
0.042532
-0.510475
-0.264722
1.304441
-0.028452
-0.099410
-0.153689
-0.146446
-0.142770
-0.393549
-0.273573
-0.029634
-0.294682
-0.379956
-0.130972
-0.176564
-0.192446
-0.106057
1.477168
0.088296
-0.047323
-0.382870
-0.684358
-0.116013
-0.194860
-0.446070
0.078834
0.096776
-0.508556
-0.144966
-0.311437
-0.250397
-0.676650
-0.315915
0.002220
-0.344843
-0.619193
0.016586
-0.252458
-0.504398
-0.290845
0.246607
-0.153995
-0.188558
-0.180544
-0.297787
0.103935
0.446313
-0.048731
-0.399675
-0.511960
-0.312884
0.074917
0.164517
0.343522
-0.121856
-0.615383
-0.101572
0.105717
-0.134166
-0.152105
0.061182
-0.211534
-0.070859
0.210804
-0.117923
-0.206465
0.273237
0.486352
0.003198
0.166716
-0.311297
0.193902
-0.296993
-0.183647
0.182041
-0.334644
0.001882
-0.391282
0.007677
-0.257709
-0.394327
-0.062025
-0.102725
0.109182
-0.681901
-0.461411
0.250580
0.445291
0.396118
0.273937
-0.063152
-0.079167
0.208819
-0.109481
-0.049341
-0.168748
-1.025443
-0.656110
0.077901
-0.070922
0.154105
-0.303998
0.008392
-0.281589
-0.231334
0.161712
0.715316
0.258396
1.037064
-0.170290
0.001484
0.160602
0.047691
-0.145336
0.866024
0.176307
0.385940
0.002051
0.220816
0.007812
-0.463231
-0.023208
0.765065
0.108901
0.229674
-0.632101
0.008430
-0.176386
-0.024668
-0.223610
-0.015784
0.241614
-0.266617
0.009947
0.441678
0.405345
-0.204966
-0.274772
-0.291911
0.173444
0.127106
0.118058
0.063497
-0.246725
0.009082
-0.136819
-0.020475
-0.074595
-0.414714
-0.112005
0.075530
-0.268346
-0.142247
-0.224431
-0.222110
0.098335
0.020697
0.405045
-0.057719
-0.102526
-0.328823
-0.144141
-0.129927
-0.295202
-0.133632
-0.330047
0.067675
0.665223
0.241976
-0.163701
-0.209660
0.923928
0.076940
-0.073454
0.318377
-0.329981
0.150147
-0.190399
-0.184274
-0.004953
0.747163
-0.367934
0.087709
-0.529573
-0.206044
0.051506
-0.532118
0.250655
-0.085273
-0.245129
-0.231088
-0.354337
0.056724
-0.219951
-0.485100
-0.196811
0.152606
-0.365420
-0.559831
-0.271237
-0.074327
-0.442222
0.043327
-0.281425
-0.062095
-0.107572
-0.407384
-0.028214
-0.236020
-0.197857
0.006874
0.757965
0.213724
-0.118440
-0.121089
-0.193559
-0.617094
-0.417677
-0.115024
-0.010168
-0.371456
-0.221273
0.428873
-0.114624
-0.399080
-0.599779
0.095631
0.004614
-0.230515
0.289231
0.697989
0.041255
-0.317168
-0.151227
-0.208246
0.203926
-0.400931
-0.034858
-0.242352
-0.130124
-0.309902
-0.006254
-0.418699
-0.226698
0.070791
0.067446
-0.336473
0.511696
-0.212492
-0.267034
-0.375073
-0.111444
-0.521419
-0.106191
-0.038149
0.193642
0.001967
-0.322000
-0.127857
0.073864
-0.355374
-0.318226
-0.142925
-0.324548
0.042058
-0.137344
-0.201328
-0.734978
-0.108260
0.163962
-0.191175
0.178656
-0.535432
-0.180598
-0.125046
-0.369370
-0.169626
-1.004519
0.319839
-0.471720
-0.158729
-0.296747
0.090353
-0.020246
-0.135589
0.654535
-0.130344
-0.508481
-0.530660
0.052472
-0.445062
-0.413423
-0.146228
-0.102289
0.798110
-0.047828
0.252946
0.347146
-0.374242
-0.180758
-0.329292
-0.181350
-0.339704
-0.113180
-0.500674
0.159946
0.086201
-0.378827
0.198338
0.055958
0.828530
0.764866
-0.789511
-0.143520
0.418840
0.692937
1.159925
-0.329134
-0.260443
-0.285101
0.281111
-0.252791
-0.020145
0.331913
-0.227097
-0.143481
-0.034178
-0.288147
-0.247149
-0.021715
1.253758
0.826334
-0.054685
-0.549633
-0.875215
-0.158143
0.255879
0.013180
-0.048250
-0.281852
-0.020486
0.047001
-0.193256
-0.102390
0.076979
-0.184900
-0.338182
-0.159707
-0.039888
-0.215835
-0.037932
-0.070576
-0.300630
-0.307162
-0.177888
-0.208906
0.000716
-0.251833
-0.242720
-0.476119
-0.336701
-0.164924
-0.121246
-0.051037
-0.232323
0.035855
-0.224787
0.052492
0.002722
-0.261839
-0.550949
-0.755718
-0.052336
-0.229773
-0.046808
-0.666235
-0.741155
0.558613
-0.472914
0.204792
0.414345
-0.119741
-0.121334
-0.078339
0.072843
0.030623
0.184195
0.008993
-0.221502
0.132158
-0.183526
-0.254333
0.561893
-0.192156
-0.210166
-0.280478
-0.207760
-0.464359
-0.184888
-0.039844
0.459889
0.156721
-0.098962
-0.091309
-0.215612
-0.268957
-0.309647
-0.291660
-0.520105
-0.020218
-0.165077
-0.182594
-0.017866
0.530177
-0.456272
-0.131043
-0.244252
-0.140755
0.179860
-0.154919
-0.289926
-0.028494
-0.137806
0.641658
-0.104448
1.291128
0.507271
-0.031585
-0.117796
-0.145222
-0.060538
0.128309
-0.205296
-0.254364
0.002167
-0.368157
-0.122280
-0.003258
-0.713658
-0.229579
-0.125100
-0.125314
0.007701
0.032851
0.326724
-0.093068
-0.112855
0.393827
0.052839
-0.033114
0.187808
0.543477
1.191508
-0.187455
-0.513649
-0.151162
0.092183
-1.008016
-0.101115
-0.182947
-0.343241
0.089947
-0.120561
0.000555
-0.421897
-0.344298
0.184696
0.348732
0.652585
0.009003
0.051786
-0.285075
-0.310909
-0.489261
-0.249012
-0.319779
-0.135439
-0.115073
0.336518
-0.193279
-0.011414
-0.246296
-0.261006
-0.156275
0.425109
0.509804
-0.144985
0.016646
-0.190664
-0.407952
-0.320694
-0.155978
0.114599
1.090535
0.076671
-0.117700
0.005246
0.003341
0.341088
0.447287
0.465726
1.255145
1.184658
0.123260
-0.225180
-0.522754
-0.435306
-0.072328
0.127231
0.077903
-0.465174
-0.017357
-0.177744
0.334125
0.156177
0.330585
0.742231
-0.479505
-0.334653
-0.079584
0.427811
-0.398084
1.296881
0.432513
0.006495
0.022178
-0.108841
0.110824
-0.314903
-0.096548
-0.287021
0.002762
-0.166072
-0.427332
0.120707
0.213067
-0.163039
0.042005
0.109762
-0.057054
-0.250534
-0.053109
-0.066700
-0.165801
-0.252585
-0.420996
-0.070636
-0.096266
-0.158090
-0.264851
-0.259891
-0.109756
0.002222
0.093801
-0.048466
-0.011468
0.221399
-0.217677
-0.194799
-0.022663
0.027334
0.271787
-0.243510
-0.155463
0.013709
0.062788
0.424113
0.759772
-0.053261
0.199920
0.098384
-0.802844
-0.614758
0.181765
0.250838
0.076024
0.118675
0.016986
-0.196826
-0.196935
0.107367
0.105281
-0.069468
-0.315546
-0.415375
-0.188899
-0.097258
-0.108196
0.034193
-0.237415
-0.112186
-0.228167
-0.141348
-0.228240
-0.267392
-0.235051
-0.186121
-0.070350
-0.185558
-0.124907
-0.054298
0.086326
0.033910
-0.299027
0.104637
-0.063130
-0.035443
0.030637
-0.348080
0.110907
-0.211044
-0.150633
-0.085717
-0.185980
0.071560
1.522617
1.326335
-0.046043
0.127651
0.053101
-0.115443
-0.203942
-0.205575
0.074039
-0.504877
-0.091278
0.094327
-0.086307
-0.203674
-0.539605
-0.295116
-0.251990
-0.263040
-0.229394
0.106457
-0.031477
-0.129151
0.280008
-0.488128
-0.236770
-0.435687
-0.405049
-0.386027
0.483459
-0.165362
-0.082251
-0.457376
0.029305
-0.412595
-0.278780
0.432342
-0.170956
-0.138953
-0.163275
-0.437168
-0.262271
-0.411554
-0.428838
-0.326910
0.016139
0.076400
0.141674
0.521590
-0.161455
-0.083495
-0.162661
0.005286
-0.198422
-0.491573
-0.874089
1.370820
-0.306292
-0.169419
-0.366116
-0.478900
0.125458
-0.041911
-0.341725
-0.352398
-0.549031
-0.415992
-0.209238
-0.107879
-0.392543
-0.069541
-0.115118
-0.022569
0.013142
-0.076997
-0.269110
-0.233810
0.203486
-0.056644
0.109304
0.243742
-0.154350
-0.224415
-0.174975
-0.264216
-0.047677
-0.040611
-0.119492
-0.377227
-0.365882
-0.185377
-0.127971
-0.142653
-0.262815
0.186534
0.274058
-0.440328
-0.476047
0.225857
0.233917
0.046587
-0.518405
0.084423
-0.099332
0.082109
-0.118761
-0.084816
-0.433383
-0.382475
-0.359047
0.058049
0.245421
-0.082388
-0.142932
1.273797
-0.638681
-0.130302
-0.246483
-0.626554
0.023703
-0.103604
-0.204381
-0.152269
-0.523129
-0.062002
-0.498892
-0.258041
0.046639
-0.099148
-0.115679
-0.169827
-0.086232
-0.206149
-0.151948
-0.230139
-0.123133
-0.109606
-0.220182
0.148807
-0.046842
-0.579708
-0.422150
-0.383456
-0.509875
-0.307847
-0.072097
-0.081524
0.823934
0.070305
0.222532
-0.117102
0.477268
-0.059626
-0.633937
-0.127169
0.619569
0.203548
0.107501
0.007370
-0.034762
0.088266
-0.090086
-0.033771
0.272918
0.186791
0.086054
-0.528954
-0.121058
-0.110714
-0.073546
-0.129596
-0.321419
-0.109190
0.183272
0.322478
0.364941
-0.187415
-0.110219
-0.259172
-0.200096
0.044328
0.257713
0.126655
-0.152176
-0.019771
-0.084291
0.208579
0.124892
0.431277
0.261686
-0.211969
-0.145670
0.348712
-0.069369
-0.500274
-0.439206
-0.174595
0.157427
-0.117589
-0.393316
-0.210365
-0.428006
-0.859434
0.202559
-0.276088
-0.330832
-0.174699
-0.246459
-0.343916
-0.542408
-0.709816
-0.562835
0.023053
-0.130711
-0.104820
-0.570280
-0.172003
-0.247961
-0.303163
-0.077348
-0.173009
-0.139785
-0.510988
0.333677
-0.286405
-0.003534
-0.645508
-0.189586
-0.297878
-0.158446
0.087694
0.226466
1.628403
-0.022235
0.081125
0.126558
-0.218673
-0.119558
-0.322926
-0.096259
-0.015586
-0.238052
-0.020965
-0.267518
-0.221639
-0.109659
0.560948
0.151591
-0.142572
0.021761
-0.374158
-0.233253
-0.210834
-0.364138
0.133460
-0.164318
0.291790
0.142600
-0.993408
-0.253580
-0.331353
0.156545
-0.208845
-0.067042
-0.105692
-0.091382
-0.094713
-0.002414
-0.091559
-0.426460
-0.137259
-0.371025
-0.272095
-0.619546
-0.363270
-0.152767
0.320623
-0.029121
-0.137122
-0.063952
-0.158249
-0.144209
-0.145558
0.099659
-0.680186
0.305951
-0.148107
-0.059199
-0.360618
-0.080090
-0.168006
0.564358
0.237653
-0.437770
-0.348899
-0.084018
-0.179895
0.344537
0.502171
1.154334
0.201966
-0.397331
-0.776502
-0.213208
-0.020254
-0.121773
0.070779
-0.279510
-0.328976
-0.226962
-0.078803
0.039231
-0.101502
0.402646
-0.053300
1.200553
0.359045
0.122427
-0.076914
-0.163902
-0.280380
-0.430527
-0.274325
-0.463005
-0.230992
-0.004220
-0.035443
-0.470414
-0.160869
-0.222598
-0.294745
-0.240797
-0.132109
-0.247973
-0.063822
-0.065597
-0.023739
0.037499
1.105924
0.271664
-0.178002
-0.303707
-0.080913
-0.354852
0.554578
-0.163699
-0.080954
-0.364472
-0.048628
-0.329803
-0.109123
-0.845347
-0.027434
-0.290100
-0.447122
-0.181235
0.188086
-0.238306
-0.072917
0.091013
0.529144
0.342904
-0.222529
-0.380987
-0.206071
-0.014625
-0.253697
-0.175678
-0.186400
-0.419111
-0.183505
-0.096440
0.056479
-0.120889
-0.557963
0.502327
0.448799
-0.126077
-0.433752
-0.064135
0.023951
-0.227821
-0.056430
1.241439
0.401272
0.050358
0.073898
-0.121830
-0.383544
-0.319997
-0.246617
0.326796
0.398073
-0.084691
-0.018432
0.297047
0.881939
-0.123066
-0.057334
-0.289507
0.151105
0.259772
-0.080945
0.088575
0.154184
-0.436700
-0.235572
-0.057345
-0.077369
-0.597689
0.260841
-0.003530
0.000299
-0.114683
0.046897
0.073415
-0.578618
0.072352
0.971461
-0.499695
-0.131986
-0.255758
0.329870
-0.153835
-0.304819
-0.239217
-0.474531
0.309716
-0.091387
0.021285
0.186406
0.190672
-0.019356
-0.141693
-0.359236
-0.280932
-0.131572
-0.132746
-0.095930
-0.064432
-0.132931
0.517179
-0.002191
0.727158
-0.820879
0.062777
0.515408
-0.322017
-0.157817
-0.153918
-0.044165
-0.264717
0.083599
-0.080748
0.429716
0.047416
1.419520
-0.026515
-0.002049
0.028908
-0.128278
0.071780
-0.045997
-0.669896
-0.720987
-0.357562
-0.155332
-0.056908
0.117059
-0.056461
-0.207471
-0.246882
-0.226535
-0.532767
-0.844528
-0.737071
-0.318865
-0.086334
0.336909
0.061147
1.179218
-0.108273
-0.186357
-0.008005
0.030179
-0.339796
-0.287348
-0.204687
-0.197630
-0.298866
-0.364299
0.119814
0.099511
0.116098
-0.465060
-0.070128
-0.174023
-0.176977
-0.020148
0.236166
-0.177431
-0.114491
-0.179269
0.393274
-0.291446
-0.324137
-0.427058
0.192657
1.495163
0.114281
0.098718
-0.103407
-0.024875
-0.574092
-0.685285
1.149154
0.326086
0.230616
0.130972
0.018273
-0.371356
1.525805
-0.090601
0.042690
-0.296800
-0.207417
-0.380910
0.242066
0.307527
-0.016747
-0.006358
-0.145855
-0.244199
0.019205
-0.147865
-0.032694
0.075263
-0.129469
-0.252098
-0.182799
-0.419815
-0.314881
-0.173169
-0.158650
0.280790
0.180340
-0.267603
-0.267180
-0.371235
-0.011073
0.089208
-0.005315
0.252471
-0.060363
-0.324923
-0.268876
0.208151
0.049054
-0.318578
-0.108889
-0.147633
-0.199205
0.190158
0.405825
0.620298
-0.968412
-0.520150
0.252567
-0.266990
-0.284249
0.355122
-0.213901
-0.518867
0.074685
-0.131802
-0.220522
-0.417855
-0.031199
-0.228386
1.643146
0.230445
-0.214023
0.032137
-0.108018
-0.121830
-0.127807
0.102711
-0.100743
-0.022992
0.239144
-0.347941
-0.254373
-0.004420
-0.189102
0.113038
-0.268139
0.160943
-0.334005
-0.317865
-0.216767
-0.282664
0.209664
-0.198029
-0.176172
0.430970
0.924111
-0.141085
-0.255711
-0.448340
-0.401347
-0.772088
0.118141
-0.105759
-0.331347
-0.224114
-0.007653
0.245327
0.644259
0.172483
-0.124438
0.298519
0.934680
-0.223994
0.052227
-0.632423
-0.134235
0.005994
-0.274870
-0.184192
-0.167349
0.586498
1.106536
0.814227
0.005876
0.087606
-0.000185
-0.037920
0.011249
0.061037
0.004812
-0.298840
-0.057754
-0.162139
0.179119
-0.021287
-0.069329
-0.067235
-0.084189
-0.536349
-0.412004
-0.046230
-1.049191
-0.425990
-0.100520
-0.226197
-0.883700
0.039325
0.736078
0.133700
0.095231
0.120795
-0.343312
0.001851
-0.090708
0.430090
0.029323
-0.110139
-0.155894
-0.005677
-0.179398
-0.419228
-0.131376
-0.032507
-0.226840
-0.327616
-0.299625
-0.064049
0.020728
0.029498
-0.076835
-0.225567
1.375908
-0.035899
-0.077004
0.194950
-0.171033
0.224357
1.106329
-0.153827
-0.138290
0.014106
-0.209931
0.242649
1.107673
0.771354
0.486746
0.216700
-0.141437
-0.120080
-0.009961
-0.101138
-0.189856
-0.042886
-0.104925
-0.073969
-0.074306
-0.332221
-0.126149
-0.361384
-0.190611
-0.026866
-0.143833
0.009514
0.307641
-0.124509
-0.051019
-0.092861
-0.482829
-0.166268
0.199743
0.160063
-0.941409
-0.159791
-0.138076
0.034113
-0.009863
-0.312339
-0.358260
-0.258975
0.144125
-0.264664
0.030987
0.137591
-0.074114
-0.062785
-0.277351
-0.416794
-0.177237
-0.629860
-0.215739
-0.327957
-0.206802
-0.099065
-0.198923
-0.203847
-0.091208
0.022664
-0.364220
-0.333514
-0.301021
-0.343099
-0.694961
-0.269208
-0.197961
-0.354911
-0.182687
-0.309714
-0.537969
-0.120495
-0.208597
-0.238261
0.194069
0.132156
-0.145024
-0.674689
-0.241908
-0.691550
-0.291620
-0.138156
-0.267878
0.030894
0.316384
0.269893
0.481507
0.396989
-0.339906
-0.005255
0.023016
-0.140509
0.532732
0.330994
0.853249
0.384124
-0.036511
0.586444
-0.215344
-0.137367
0.018799
0.398170
-0.027522
1.411741
-0.260934
-0.083203
-0.000342
-0.606355
-0.039476
-0.194754
-0.373770
0.022129
-0.189156
-0.039428
-0.391311
-0.220818
-0.149370
-0.045941
-0.047486
-0.166543
0.020721
0.010477
-0.059289
-0.053233
0.011736
0.069579
0.108905
0.327266
-0.192259
-0.329334
-0.183244
-0.006149
0.230300
0.088627
-0.053590
0.254708
-0.167834
0.370491
-0.005674
0.056864
0.001311
-0.425307
-0.170350
0.121230
-0.101344
-0.327351
-0.349691
-0.028806
0.060967
-0.260476
-0.047549
0.777944
-0.049351
-0.007089
-0.247391
-0.293630
0.024535
0.366913
-0.221666
-0.194573
-0.119020
-0.006788
-0.009250
-0.056485
-0.101251
0.442589
-0.168571
0.131224
-0.147210
-0.089120
-0.285421
-0.188205
0.021316
0.183466
0.070071
-0.083208
-0.077141
0.450151
0.385855
-0.120281
0.332238
0.720255
0.302345
-0.286514
-0.125252
-0.185980
-0.226630
0.096451
-0.068786
-0.104629
-0.016254
-0.138294
-0.155664
-0.141072
-0.325521
0.081483
0.625489
-0.366241
-0.294064
-0.089856
-0.076463
-0.117710
-0.153065
0.017288
-0.063555
0.242951
0.009122
-0.089921
-0.280261
-0.105909
-0.081777
-0.121368
-0.216250
-0.215893
0.070102
-0.047541
-0.297804
-0.328255
-0.307089
-0.599579
-0.364033
-0.123197
-0.092089
-0.353303
-0.120022
-0.146234
0.217026
0.028204
0.485193
-0.134501
-0.025692
-0.160381
-0.280904
-0.382244
-0.258516
-0.674683
-0.530609
-0.293092
-0.374955
-0.120925
0.382424
0.275355
-0.043795
-0.435800
-0.240321
-0.034453
-0.061808
0.179773
-0.280162
-0.294508
-0.571168
-0.734818
-0.026062
0.500505
0.161570
0.086944
-0.067443
-0.138478
-0.154770
-0.391190
-0.079419
-0.339578
-0.192722
0.830204
-0.169725
-0.255144
-0.193627
-0.263922
-0.243917
-0.353291
-0.157268
-0.243996
-0.063308
0.217512
-0.121743
-0.078500
-0.300769
-0.130097
-0.026365
-0.337067
-0.255080
-0.054698
0.025393
0.818762
0.008269
0.180510
-0.597490
0.306828
-0.160579
-0.403358
-0.132988
0.284134
-0.470688
0.124715
0.073702
-0.111034
-0.338432
0.037515
-0.130567
-0.153431
-0.156318
-0.260763
-0.047118
-0.425172
0.069195
-0.141293
-0.044071
0.008477
-0.345220
0.273100
0.371355
-0.225681
0.036381
-0.015127
-0.032060
-0.010277
-0.212101
0.055437
-0.190424
-0.297099
-0.180630
-0.169829
-0.033855
0.104399
-0.079213
-0.124580
-0.092410
-0.121977
-0.268498
-0.376434
-1.012985
0.080022
-0.018118
1.231916
1.346870
0.553620
-0.240081
-0.215238
-0.122444
-0.294129
-0.259307
-0.031284
-0.275184
-0.153736
-0.058009
-0.310384
-0.243549
-0.142531
-0.061250
-0.129163
0.106828
-0.272756
-0.064690
0.180301
-0.058430
-0.096595
-0.072191
0.186078
-0.240433
-0.156403
0.304903
-0.131655
0.287172
-0.097121
-0.097828
-0.135323
0.138152
0.512943
-0.204428
0.222254
-0.182558
-0.111731
-0.472789
-0.154840
-0.151846
-0.066282
0.809571
-0.193844
0.427668
-0.350125
-0.380608
-0.380761
-0.251860
0.333627
-0.138105
-0.096650
-0.132189
-0.370696
-0.197183
-0.139165
-0.185255
-0.141264
-0.288032
-0.117630
-0.212691
-0.048096
1.077209
0.544737
-0.124443
-0.254756
-0.266232
-0.646911
-0.042848
-0.220082
-0.555705
0.491981
0.001083
0.019409
-0.310621
-0.031483
-0.524351
0.219319
-0.039085
0.000802
-0.443556
0.301826
-0.215406
0.132112
-0.125482
-0.093354
-0.137691
-0.054490
-0.145082
-0.127932
-0.137990
-0.128754
-0.172134
-0.108111
-0.135568
-0.270428
0.017461
-0.236970
-0.079166
0.054332
0.090851
-0.009646
-0.213722
-0.353527
-0.126238
-0.378289
-0.170677
-0.013282
-0.313470
-0.334087
-0.202975
-0.136113
-0.098843
-0.281052
0.260335
0.039000
0.359742
-0.058579
-0.279882
0.013220
-0.220489
-0.169487
-0.176636
-0.163699
-0.099244
-0.156825
-0.114991
