0.273023
0.022510
0.148348
0.004092
-0.395532
-0.105248
0.147677
0.817939
-0.017955
0.200650
0.562855
-0.006778
0.065241
0.068507
-0.031834
0.197894
-0.499835
-0.075766
0.016501
-0.129158
-0.026772
0.053385
-0.006309
-0.084482
0.456573
0.124278
0.140915
-0.016451
0.023749
-0.019805
-0.147179
-0.412483
0.038501
-0.026703
0.233760
-0.022066
0.090917
-0.981463
0.020211
0.010245
0.249775
0.099904
-0.089813
0.099949
0.208866
0.024040
0.070053
-0.151117
0.032181
-0.401132
-0.792368
-0.042948
-0.526637
-0.265192
-0.629056
-0.076221
0.178764
0.075544
-0.057934
-0.121849
-0.250649
-0.011619
0.094719
0.105022
0.115775
-0.131254
0.821866
0.290012
-0.090470
-0.177888
-0.094273
-0.144336
1.074666
-0.071303
0.246584
-0.421904
0.150327
0.064202
0.201444
0.165224
-0.283678
-0.383504
-0.168514
-0.017136
0.000523
-0.062663
0.206531
0.215983
0.417342
0.023523
0.112316
0.088645
0.044792
-0.072666
0.041345
-0.121652
0.151253
-0.065953
0.133658
-0.031349
0.096406
-0.015547
0.110818
0.506130
-0.193731
-0.238162
0.133049
-0.370908
-0.292524
-0.057765
0.144418
0.049725
0.150181
-0.011858
0.090345
0.077601
0.225595
0.103058
0.406307
0.265047
0.289849
0.143319
0.343388
0.220294
-0.018615
-0.018240
-0.021407
-0.036485
0.094271
0.117326
0.395899
-0.589873
0.271254
-0.101781
-0.517156
-0.330060
0.036997
0.047616
0.010046
0.074088
0.266279
0.071176
0.205210
0.096350
0.066880
-0.204619
-0.204345
-0.026093
0.277563
-0.580248
0.817083
-0.046862
0.181301
0.110305
0.074515
0.053931
0.415417
0.026394
-0.053169
0.064087
0.149335
-0.582315
-0.194181
0.006080
0.041678
0.172282
-0.142960
0.175144
0.112596
0.109624
0.250395
0.234092
0.144601
0.033114
0.209050
-0.240931
0.070064
-0.023169
-0.255788
-0.438750
-0.128769
-0.118364
-0.231902
-0.026596
-0.000738
0.335773
0.056708
0.160545
-0.050784
0.103613
0.105058
0.042553
-0.135444
0.205697
-0.027860
-0.049671
-0.004152
-0.276544
0.120786
-0.158452
0.070503
0.102775
-0.079818
0.065241
-0.035514
0.150154
-0.437404
-0.412530
0.113908
-0.009270
0.014801
0.186153
-0.154049
-0.054537
0.149721
-0.144360
-0.154303
-0.434273
-0.047581
0.060288
-0.013572
0.185879
-0.122002
0.407532
-0.117902
-0.027124
-0.114656
-0.540847
-0.033843
-0.096708
-0.079848
-0.346149
-0.104584
0.111654
0.131551
0.061548
0.014263
-0.112340
-0.174996
0.146821
-0.165554
-0.185829
-0.055694
0.112951
0.079308
-0.213036
-0.084795
0.052366
-0.048708
-0.746423
-0.154230
-0.098585
-0.082189
-0.137076
-0.469697
-0.469668
-0.334685
0.011442
-0.269945
0.151230
0.042169
0.136362
0.038093
-0.351158
-0.131806
0.223451
0.036841
0.355997
0.038168
0.094395
0.155912
-0.159298
-0.031616
0.086618
-0.056551
0.496247
-0.100548
0.042671
-0.140350
-0.187184
0.124342
0.141206
0.022039
-0.057932
-0.072511
-0.286235
0.237702
-0.034272
-0.077478
-0.167884
-0.348053
-0.059531
0.032311
0.040706
0.127761
0.078492
-0.471196
0.217875
0.015443
0.114507
0.054009
0.173713
0.092710
-0.588087
0.192110
0.022478
-0.107780
0.094790
-0.530447
-0.569368
0.035731
0.096790
0.023444
0.335090
0.007338
0.262297
0.242682
-0.089547
0.089807
0.496216
-0.055021
-0.085126
0.127247
0.059085
0.168933
-0.041219
0.052829
-0.180630
0.063590
0.077367
0.262497
0.046683
0.179956
0.169447
0.070696
0.032835
0.037841
0.222453
-0.868959
0.083021
0.084458
0.323146
-0.118343
-0.046940
-0.062251
-0.076321
-0.074418
-0.372433
-0.029766
0.128789
0.121672
0.163271
0.160370
-0.046878
0.111484
-0.085727
0.006094
0.079956
-0.343033
0.201108
-0.008873
0.075831
-0.100431
0.100031
-0.038539
0.306003
-0.122273
-0.173995
-0.142455
-0.403393
-0.052382
-0.113442
-0.060609
0.301989
0.112479
0.153105
-0.221700
0.046901
-0.056456
-0.108846
-0.460159
-0.277882
0.280173
-0.005519
0.131781
0.094794
-0.076816
-0.049953
-0.091012
-0.180967
0.071425
-0.048904
-0.008916
-0.097796
-0.142455
0.137320
-0.007631
0.484424
0.110270
-0.677304
0.036275
0.004633
0.316073
-0.271153
-0.248952
-0.194287
-0.107870
-0.034984
-0.606689
-0.460161
-0.076816
0.319708
-0.016741
0.626941
-0.099908
-0.028680
-0.038251
-0.050896
-0.037541
-0.025089
0.046881
0.156199
0.156633
-0.310916
0.131821
-0.051385
0.129496
0.251566
0.050572
0.274170
-0.092657
0.099141
-0.075886
-0.106322
-0.051974
0.251179
0.143791
0.046191
-0.061916
0.252634
-0.075863
0.222931
0.106803
0.077492
0.230996
0.469367
0.005066
-0.064329
0.042095
0.023605
0.165223
0.019005
0.140902
0.323235
-0.078825
0.049210
0.238788
0.133027
0.374017
0.234864
0.004828
0.123492
0.299042
-0.039492
-0.209352
-0.373295
0.015987
-0.023284
0.137924
0.056267
0.397802
-0.043023
0.052919
0.078570
-0.655216
-0.160235
0.208563
-0.067342
-0.058246
-0.070830
-0.000885
-0.108529
-0.076359
0.547335
0.202168
0.051537
0.193049
0.118597
-0.007893
-0.286626
0.102835
-0.148245
-0.073141
-0.566319
-0.538425
-0.298260
0.165933
0.211637
-0.456817
0.095018
-0.115468
0.070265
-0.132205
-0.000087
0.023249
-0.118950
0.065445
0.277103
0.278630
0.037581
0.084498
0.042334
0.429866
0.068375
0.021181
-0.039422
0.066853
-0.138965
-0.126316
0.043598
0.262006
0.656064
-0.031629
-0.064631
0.133228
0.337590
0.210503
-0.142160
0.095731
0.282499
0.139359
-0.036055
0.132338
0.034415
0.269558
-0.000984
-0.041740
0.467320
0.274384
0.136513
-0.162767
-0.110731
0.075324
0.087994
0.075310
0.083696
-0.038400
-0.030175
-0.002370
-0.065169
0.091074
-0.030678
0.146613
0.713241
-0.058438
0.262394
0.167804
-0.089421
0.362337
0.113690
0.066788
0.068930
0.322341
0.067994
-0.155706
-0.149933
0.358011
0.144700
-0.125344
-0.079242
-0.172460
0.084355
0.088683
0.077430
-0.098553
-0.061203
0.033299
-0.306011
-0.107724
0.024757
0.149784
-0.462303
-0.159089
0.161250
0.256923
0.363753
-0.447380
-0.803591
-0.116207
-0.045679
0.191682
0.025018
-0.678056
-0.314526
0.033278
-0.211675
0.168116
0.100228
0.013654
-0.337975
-0.170899
-0.153599
-0.409015
-0.689813
0.085021
0.184628
0.269277
0.138677
0.078321
-0.172070
0.636816
0.184378
0.215459
0.203121
-0.075564
0.076403
-0.208818
0.285371
0.452985
0.263687
-0.449602
-0.109569
0.031632
0.689894
0.327663
-0.947992
-0.861348
0.111930
-0.134868
-0.661630
-0.018575
0.030917
-0.047960
0.222029
-0.018975
-0.185298
-0.128671
0.096214
0.171138
-0.028337
0.054004
0.003311
0.049082
-0.021356
0.025118
-0.302554
0.092051
-0.719841
0.035640
-0.095902
-0.338784
-0.057148
0.150712
0.032852
0.144174
-0.004179
-0.079843
-0.051309
0.048525
0.124620
0.198280
0.039957
-0.237215
-0.161421
0.120346
0.085343
-0.047502
0.338074
0.012925
-0.006908
-0.134888
-0.813641
-0.303067
-0.757706
-0.138837
-0.004814
0.250465
0.630542
0.440273
0.100723
0.069569
0.357457
-0.002078
0.045503
0.227137
0.088202
0.035782
-0.263795
-0.606508
-0.056487
0.019291
-0.053504
0.129176
0.029307
0.239452
-0.345139
-0.134959
0.084985
0.108956
-0.015027
-0.125452
0.020533
-0.239664
-0.049550
0.130991
-0.017242
0.138756
0.130765
0.088843
0.159736
0.029399
-0.142593
-0.090339
-0.201428
0.020997
0.091767
0.212851
0.029640
-0.241730
-0.001407
0.076296
0.107914
0.183869
0.239703
0.234482
0.052557
0.017781
-0.085662
-0.083879
0.054885
0.066718
0.084250
-0.091042
0.081737
-0.014585
-0.019397
-0.055248
0.055638
0.150230
-0.346298
-0.088569
0.029542
-0.125482
0.076384
0.239548
-0.064859
0.091690
0.042289
-0.348356
-0.092045
0.253235
0.229939
-0.050544
0.148943
0.121769
0.044618
0.116639
-0.086669
0.029892
-0.256452
-0.129574
-0.372737
-0.184786
-0.289012
0.239105
-0.460547
-0.120566
-0.131770
0.313191
0.069873
-0.043515
0.017647
0.125385
0.090299
0.045081
-0.102453
0.034936
-0.118596
0.108676
0.085423
0.133314
-0.723281
-0.290753
-0.659030
-0.123622
0.101417
0.139174
0.032045
0.000582
0.086646
0.412569
-0.156772
-0.386163
-0.165324
-0.393919
-0.230771
0.171154
-0.095936
0.419773
-0.402967
0.006645
0.164236
0.128703
0.399135
-0.375002
-0.314343
-0.301643
-0.623018
0.267198
-0.012306
0.138307
-0.163447
0.046510
-0.068554
0.068689
0.077894
0.151510
0.165177
0.107923
-0.431896
0.091065
0.034596
0.272917
0.033613
0.125610
-0.316561
-0.587111
-0.563371
-0.081901
0.748883
-0.393012
0.195337
0.045136
0.082076
0.139712
0.057276
-0.145025
-0.019963
0.008203
0.077511
0.165734
0.179115
0.023108
-0.063342
0.253275
0.194507
0.105059
0.140965
0.005538
0.061111
0.067441
0.001464
0.015029
0.064497
0.030751
-0.123849
-0.024818
-0.037613
-0.158516
-0.013506
0.106916
-0.224573
-0.027956
-0.050916
0.152032
-0.363199
0.022876
0.121593
0.168871
0.135336
0.233379
0.103997
0.365668
-0.112476
-0.562570
-0.042624
0.175050
0.140898
0.188384
0.002387
-0.439369
-0.010401
0.032235
-0.246975
0.041457
0.130181
0.046633
0.028574
-0.147673
-0.079701
-0.216182
0.081139
-0.809352
0.168530
-0.215706
-0.161178
-0.821415
-0.823437
0.100218
0.065067
0.118849
-0.235654
-0.074870
-0.115282
-0.070594
-0.228939
-0.005773
-0.173213
-0.024605
-0.028118
-0.123277
-0.744805
0.062954
0.305086
0.554717
0.263642
0.212974
0.135451
0.379129
0.108962
0.158498
-0.384421
-0.168598
0.111956
0.108112
-0.247471
-0.011251
0.049659
-0.230630
-0.176763
-0.181838
-0.372528
0.228392
-0.108301
0.109266
-0.472001
0.025953
0.385173
0.124175
-0.103236
0.074470
0.221898
0.327587
0.350141
-0.017021
-0.368918
-0.213415
0.068269
0.327236
-0.213036
0.032880
-0.222338
-0.646866
-0.166771
0.340473
-0.002183
0.080159
-0.568220
0.004760
0.222913
0.039468
-0.053959
-0.036945
-0.145002
-0.145633
-0.397754
-0.223200
-0.516171
0.287684
-0.090031
0.070265
0.043790
0.184000
0.333395
0.209807
0.160194
-0.011132
-0.151206
-0.363830
-0.142540
0.024950
0.183574
0.800386
0.393823
0.106505
-0.561613
0.178970
0.029865
-0.039051
0.200425
-0.114013
0.324108
0.406126
0.126482
-0.110088
0.279510
0.345097
0.382801
-0.201751
-0.109583
0.006855
0.203043
0.258188
-0.445487
-0.480376
0.098382
0.056022
0.675251
0.424183
0.255012
0.559357
-0.155444
-0.075723
-0.349839
0.187267
-0.405898
-0.441683
-0.490530
-0.009111
0.161187
0.060553
-0.032057
-0.093954
-0.253436
0.278654
-0.174091
0.285022
0.459083
0.179014
-0.353332
-0.049505
-0.100534
-0.016146
-0.220741
-0.077392
-0.567290
-0.109539
-0.071486
-0.449268
-0.109171
0.026015
-0.177468
-0.514550
0.134429
0.195773
0.020640
0.083860
-0.261244
-0.259139
-0.094172
-0.185304
0.224599
-0.528391
-0.034362
-0.032602
0.011646
-0.555273
-0.154822
-0.193137
-0.259135
-0.079138
-0.192759
0.170357
-0.091614
-0.211723
-0.344478
-0.002130
0.195204
0.073361
0.042644
0.050816
-0.051566
-0.047766
-0.114671
-0.093943
-0.981657
-0.180497
-0.044800
-0.256115
-0.553882
-0.188143
0.322989
0.450270
-0.244044
0.279657
0.095942
0.152104
0.068777
-0.112610
-0.035393
0.076858
0.094282
0.112648
-0.876248
0.065204
-0.053798
0.204393
-0.099954
0.100403
-0.181201
0.264085
-0.034703
0.113669
0.196565
0.148203
0.366937
-0.124684
-0.130360
-0.231472
0.300090
0.280040
0.252681
-0.088965
0.269286
0.257232
-0.325397
0.046953
-0.173511
0.024510
0.043935
0.229093
-0.066221
0.255170
0.228785
0.141766
-0.117929
-0.042627
-0.018045
-0.099344
-0.154996
0.166084
0.015298
0.179066
-0.024892
0.289210
0.200324
0.179227
0.002930
0.463762
-0.112351
-0.063944
-0.363810
-0.038371
-0.256287
-0.408823
-0.098713
-0.255360
-0.222182
-0.116288
-0.474009
0.390806
0.016335
0.151072
-0.370644
0.170055
-0.001040
-0.170682
-0.557791
0.009171
-0.057548
-0.004989
0.099468
-0.180826
0.009747
-0.068158
0.020137
-0.395280
-0.230469
-0.138927
-0.113073
0.143706
-0.080994
0.362554
-0.125463
0.292602
-0.049122
-0.723241
-0.103328
0.106216
0.176686
0.162234
-0.033604
-0.245864
0.224919
0.176742
0.099328
0.021651
-0.007933
0.069717
-0.169260
-0.046460
0.048491
0.096870
-0.103608
0.073854
0.104791
0.119680
0.017841
0.023410
0.107941
0.153742
-0.223038
-0.173031
-0.119844
0.061959
-0.286508
-0.203426
-0.046373
-0.086265
-0.204262
0.021185
0.028576
0.086196
-0.004607
0.027084
0.164304
-0.387805
-0.460173
-0.218238
-0.100011
0.025318
-0.076111
-0.066053
-0.075165
-0.192389
-0.380767
-0.020751
-0.259206
-0.126027
-0.243441
0.125720
0.282071
0.305370
0.223345
1.144530
0.090855
-0.232911
-0.169298
0.121684
-0.028141
0.027362
0.022613
0.170629
0.100419
0.012307
-0.015318
-0.116161
-0.176667
-0.161489
-0.257256
-0.020430
-0.178566
-0.083658
-0.103186
0.067549
0.042916
0.123409
0.086469
0.125259
0.071678
0.167513
0.079254
0.095982
0.016209
0.030904
-0.180826
0.232033
0.160147
0.011397
0.044044
-0.005206
-0.130004
-0.065217
0.065872
-0.127634
0.053939
0.331953
0.753282
0.164675
0.299356
0.141746
-0.050494
-0.013720
0.041475
-0.075621
0.075488
0.270508
-0.064764
-0.140028
-0.023124
-0.315333
-0.892393
-0.378420
-0.017058
-0.344373
0.280634
0.003795
0.137769
0.113142
0.134764
-0.014368
0.149793
0.216984
0.169432
-0.486463
0.137886
-0.080190
0.328538
-0.051465
0.027100
-0.039987
-0.148515
-0.074505
-0.277194
-0.244253
0.087994
-0.873175
0.197288
0.215269
0.081123
0.239052
0.195253
0.362330
0.098409
0.045084
0.086668
0.196063
0.031991
-0.020014
-0.206825
0.047082
-0.386348
0.152163
-0.075671
-0.645480
-0.604376
-0.044318
-0.712086
-0.044330
-0.225018
-0.102160
0.111071
-0.038739
-0.181833
0.017276
0.075064
-0.071936
0.082159
0.264855
-0.037627
0.092064
0.224915
0.295986
-0.445940
0.072704
-0.295977
-0.052913
-0.816807
-0.122502
-0.160144
-0.127736
0.056960
-0.082023
0.191598
-0.254344
-0.044789
0.767523
0.092557
-0.056121
-0.171698
-0.144808
-0.051532
-1.117969
0.225109
-0.461120
-0.267724
0.721196
-0.210361
0.300368
-0.193306
0.026780
-0.025787
0.073818
0.117783
0.271821
0.149541
0.278674
-0.409754
-0.141343
-0.174957
-1.044973
-0.103676
-0.104739
-0.016692
-0.079734
-0.050849
0.154991
0.059629
-0.061151
0.042180
-0.153004
0.131209
0.001213
0.011740
-0.666400
-0.622294
0.233664
0.120704
0.035217
-0.714831
-0.749914
0.225461
-0.049428
-0.024397
0.058211
-0.128008
-0.179573
0.018451
0.139964
0.091259
-0.102219
-0.287012
0.120972
0.009766
0.147932
0.075713
0.065355
0.029500
0.219652
0.020019
0.361018
0.095212
0.051983
-0.254146
0.367358
0.112839
0.360919
0.194530
0.473724
-0.543584
0.088251
-0.748410
-0.017735
0.391876
0.308741
0.310719
-0.195431
0.186927
-0.014298
0.088320
0.008920
0.286416
0.125092
0.124785
-0.056010
-0.097918
0.001772
-0.724213
0.027437
-0.029224
-0.036818
-0.020904
0.015708
-0.773200
0.046270
-0.250465
0.044969
-0.017794
0.100009
0.141380
-0.080006
0.088293
0.199144
0.465632
0.011876
0.089889
0.023310
-0.086606
0.056967
-0.102001
0.164457
0.159857
0.227342
-0.226577
-0.228508
-0.156104
-0.111099
-0.022730
-0.672744
-0.108881
0.081650
0.196526
-0.456277
0.116906
0.529790
0.226375
0.030288
-0.043422
0.344798
0.112163
-0.777443
-0.087531
0.037586
-0.266229
-0.044938
-0.089833
-0.162821
0.134366
0.008834
-0.099577
-0.004862
0.023684
-0.066426
-0.020997
-0.082820
-0.033370
0.127478
-0.003898
-0.116451
-0.227613
0.039074
-0.285651
0.037842
0.053666
-0.129030
-0.107916
-0.208795
-0.143426
-0.021194
0.246134
0.383752
-0.070528
0.135033
-0.025166
0.122291
-0.160598
0.128739
0.103047
-0.071486
-0.059945
0.024225
-0.032617
-0.021822
0.141340
-0.021953
0.060902
-0.083365
0.079668
0.147327
0.052176
0.230454
-0.182979
-0.073542
0.009166
-0.084828
0.199718
-0.105069
-0.221362
-0.120482
-0.035435
-0.100819
-0.153268
0.004488
0.234361
-0.602696
0.024499
-0.121927
-0.103309
-0.034963
0.058647
0.142344
-0.225220
-0.242286
0.032900
-0.047354
0.299069
0.072413
0.151482
-0.139408
0.041333
0.024231
-0.035814
0.001389
-0.242325
-0.310909
-0.048425
-0.142998
0.118150
-0.084552
0.045943
0.031059
-0.010996
-0.626869
-0.405218
0.093465
-0.099306
-0.027116
-0.113620
0.282516
0.203253
0.202217
0.705162
0.420644
-0.265702
0.129083
0.046791
0.086708
0.214506
0.331949
0.313919
0.368990
0.055299
0.169172
0.109518
0.179001
0.280050
0.137715
-0.385285
0.180987
0.407225
0.014923
-0.663398
-0.139853
0.009514
-0.146579
-0.019674
-0.001111
0.167900
-0.101570
0.306448
0.785961
0.043980
0.164648
0.118083
-0.136727
0.148290
-0.319419
0.255100
0.170968
0.187568
0.974229
-0.291861
-0.245934
0.126927
0.344518
-0.010336
0.150565
0.070443
0.190820
0.054771
0.141980
-0.050325
-0.329243
0.118542
0.001247
0.169356
0.118165
0.298847
0.445505
-0.125870
0.390450
0.062270
-0.234171
-0.034247
0.081351
0.002553
-0.331892
-0.057459
0.280600
0.418811
-0.001613
-0.144088
0.850942
-0.701158
-0.005389
0.033878
-0.260888
0.214596
-0.038111
-0.135366
-0.600948
0.012018
-0.819919
0.670971
0.344500
-0.478077
0.067762
0.748552
-0.015891
0.036267
0.346398
0.159802
-0.738964
-0.008392
0.189924
-0.331185
0.145642
0.059604
-0.044009
-0.033664
-0.642533
0.112228
0.304572
-0.030714
0.239452
-0.099367
-0.087905
-0.129494
0.164368
0.042287
0.830856
0.080057
0.115780
0.181930
0.580891
0.300055
0.136022
-0.045048
0.166533
0.069807
-0.052893
-0.421316
-0.232950
-0.092085
-0.066315
-0.257821
0.077647
0.039261
-0.068043
-0.324386
0.025095
0.123829
0.307426
0.115043
0.018027
0.108689
-0.570957
-0.128647
0.445066
0.069949
0.307267
-0.025815
-0.095706
-0.054910
0.215053
-0.836053
-0.868407
0.035848
0.214449
-0.268356
-0.532748
-0.004648
-0.159758
0.118104
-0.049345
0.131264
-0.036777
0.066156
0.116586
0.130785
0.149994
0.222975
0.370054
-0.093402
0.312853
0.098427
0.229966
0.036745
-0.070631
-0.348984
0.008158
0.290830
0.165987
-0.131984
0.082848
0.091999
-0.126167
-0.287884
0.009576
0.047717
0.030346
0.046156
0.204865
-0.074471
-0.166371
0.006619
0.050092
-0.112579
-0.029150
0.274785
0.029624
-0.019060
0.276004
0.302682
0.016890
0.047211
-0.126733
0.033096
1.375342
0.073625
0.001513
-0.010861
0.056993
0.034839
-0.009136
-0.232280
-0.011775
-0.143955
0.086441
0.164636
0.060523
0.006918
-0.030573
-0.399972
0.501533
0.275934
0.029428
0.296357
0.192990
-0.123736
0.362980
0.106837
0.252000
-0.657063
0.117038
-0.112426
-0.036945
-0.052185
-0.060916
-0.021126
-0.156350
-0.012021
0.140966
0.507718
-0.142949
-0.003535
0.080091
0.389558
-0.250915
-0.085071
0.050750
-0.122787
-0.270568
-0.093393
-0.068522
-0.033264
0.055537
-0.063616
0.052199
-0.067868
0.191512
-0.045235
0.056046
-0.080740
0.086695
0.080832
0.125918
-0.060373
0.013843
0.044024
-0.075958
0.090896
0.058816
-0.028774
0.277342
0.011528
0.272214
0.687882
0.239581
-0.022294
-0.087296
-0.253623
-0.127707
0.187483
0.364356
-0.042961
0.086047
0.067775
0.209472
0.250018
0.301082
-0.251879
-0.092393
0.076412
0.009043
-0.130565
-0.020886
-0.223908
0.057949
-0.306003
0.002776
-0.364020
-0.102780
-0.122379
-0.138459
-0.079346
-0.191222
0.072200
0.382102
-0.002332
0.191057
0.059673
0.174680
-0.152439
0.163194
-0.001825
0.188664
0.125491
0.291972
0.385777
1.016752
-0.707737
-0.265905
-0.131179
0.042574
-0.145925
-0.076826
-0.105764
0.006039
-0.041981
-0.111861
-0.167941
-0.046490
0.061556
0.053810
0.122746
0.007446
0.198187
0.210543
0.017812
-0.028276
0.169045
0.132606
0.239080
-0.739249
-0.112666
-0.564792
-0.468929
-0.147070
0.165406
0.264085
0.106879
0.120563
0.083151
-0.177868
-0.123344
0.018979
1.201645
0.325242
0.223827
-0.072798
0.043213
0.167583
-0.017156
0.112411
-0.040805
-0.205883
-0.020073
0.026882
0.407989
0.179751
0.360014
0.167509
-0.141216
0.338712
-0.012008
0.103812
-0.619027
-0.514605
-0.573953
0.053914
0.388531
0.084290
-0.139163
0.323493
-0.018706
0.081426
-0.054781
-0.296075
-0.140616
-0.280985
-0.234367
0.132775
-0.207143
-0.232582
0.246302
0.257565
-0.249959
0.134956
-0.102913
-0.030118
-0.194499
0.081190
-0.749828
0.325723
0.019062
0.027457
0.132568
0.171992
-0.033127
0.718191
0.084633
0.048508
0.151114
0.087597
0.112861
-0.339923
-0.387545
-0.067488
-0.045726
-0.026804
0.138048
0.033303
0.297205
-0.449932
-0.017236
-0.805241
-0.249421
0.081123
0.426915
0.084814
0.034909
-0.082684
0.024204
-0.016859
0.050790
-0.183223
0.147481
-0.007837
0.093772
-0.153090
0.224514
0.131707
0.012197
-0.026062
0.008836
0.097419
-0.490498
0.054052
0.080561
-0.401234
-0.398659
0.258911
-0.047901
0.065914
-0.052997
0.141651
0.092447
-0.079677
-0.241224
0.048250
0.079140
0.161816
-0.075345
0.241400
0.568298
0.290209
-0.255201
-0.553318
0.034914
-0.020636
-0.433686
0.162403
0.237557
0.042115
-0.136999
-0.138259
-0.160399
0.111848
0.106812
0.151097
-0.120196
-0.139257
-0.535297
-0.181322
-0.231764
-0.117902
0.097656
0.247836
-0.219784
0.272199
-0.292459
0.181993
0.051996
0.059367
-0.492458
0.202364
-0.173496
-0.064120
0.036871
0.306076
0.275433
0.338729
0.116241
0.156358
0.016414
-0.053719
0.112401
0.215755
0.059914
-0.122998
0.441654
-0.066927
-0.188681
-0.098147
0.097900
0.185152
-0.798958
-0.248187
-1.095534
0.262674
0.076313
0.156165
0.107993
0.034748
-0.268957
-0.163007
0.065940
0.606103
0.241847
0.186722
0.879723
0.407921
0.077997
-0.053658
-0.185206
-0.604186
-0.494535
0.202571
-0.398377
0.267431
0.035767
-0.162162
-0.163564
0.199580
-0.073401
0.014762
-0.036540
-0.100712
0.465547
0.265251
0.136664
0.185404
0.571396
-0.112048
-0.000556
0.337364
0.256732
0.159027
-0.067476
0.037660
0.008843
0.020520
-0.200467
0.324150
0.120916
-0.162615
-0.240603
-0.060559
-0.123758
-0.409458
0.046419
0.463499
0.195220
0.050982
0.075350
0.041045
0.291359
0.017169
-0.113338
-0.194908
0.134493
-0.225556
-0.187054
-0.232308
0.016499
0.249045
0.168757
0.460823
0.012507
0.035397
-0.115685
0.079001
-0.102910
-0.308232
-0.113397
0.168334
0.150559
0.431095
0.820335
0.186099
-0.714495
-0.056791
-0.237677
-0.191329
-0.151766
-0.101937
0.074217
0.135242
0.072985
0.108073
-0.211981
-0.158475
-0.092443
0.006329
0.076126
0.008868
-0.103184
-0.029991
-0.149020
-0.122033
0.125146
0.142684
0.059874
0.064621
0.078727
0.157424
0.174281
-0.167279
0.043937
0.619616
0.147441
-0.321494
-0.221362
-0.191840
-0.093097
-0.010595
-0.060396
-0.330488
-0.201212
-0.016366
-0.158718
0.204764
-0.282563
0.139767
-0.609505
-0.024576
-0.051375
0.172450
-0.015986
-0.092269
-0.061838
0.213222
0.015236
0.264173
0.122441
-0.493903
0.101708
0.240533
0.198692
0.345653
0.039620
0.128649
-0.511066
0.077167
-0.192295
-0.027116
-0.069232
-0.038136
0.066863
-0.046042
0.042794
-0.091184
-0.047154
-0.028148
0.003127
0.325747
0.464824
0.823221
-0.046832
-0.031408
-0.062600
-0.089331
-0.394295
0.086796
0.061665
-0.150353
-0.135283
0.104770
-0.433129
-0.192954
-0.118183
-0.290029
-0.125203
-0.312249
-0.134027
-0.425661
0.266722
-0.339285
0.079473
-0.100734
-0.149436
0.131277
0.363816
0.140447
-0.200119
-0.212130
-0.056260
0.015100
0.003854
0.259129
-0.044311
0.074185
-0.097137
-0.761735
-0.157344
-0.098325
0.008350
0.014208
0.536804
-0.034899
0.099044
0.069527
-0.076451
0.160962
-0.107275
-0.170890
-0.081682
0.225367
-0.444524
0.063196
-0.128799
0.253188
0.040465
-0.391476
-0.005994
0.215615
-0.009515
0.522013
-0.795168
-0.318546
0.127342
0.020848
-0.093965
0.056164
0.200529
0.192767
-0.114527
-0.048152
-0.236554
-0.259353
0.098764
0.269488
-0.430722
0.174322
-0.354145
-1.013249
-0.415275
-0.318466
-0.516129
0.035501
-0.038436
-0.041421
-0.129997
0.440804
0.537516
0.287299
0.249892
0.358039
-0.180238
-0.402966
-0.382699
-0.090355
-0.188878
0.489390
-0.000342
-0.177095
-0.078214
-0.098150
0.157249
0.025524
-0.058849
-0.118892
-0.154580
-0.131326
-0.143441
-0.107930
-0.075409
-0.066739
0.078457
0.268695
0.152796
-0.135870
-0.225511
-0.050192
0.091683
0.213323
-0.016662
-0.667628
0.226542
-0.131121
-0.275706
-0.461920
-0.583466
0.172112
-0.075037
-0.248915
0.047003
0.137595
-0.046816
0.011240
-0.744130
0.092745
0.013452
0.098674
0.241891
0.172057
-0.060768
-0.262364
-0.172715
-0.152392
-0.234455
-0.839514
0.014565
-0.105131
-0.724005
-0.441563
-0.098615
-0.048166
-0.007552
-0.244380
-0.251545
0.234195
0.074442
0.269620
0.219881
0.527847
0.633914
0.296163
-0.126116
-0.023300
0.135136
0.041019
0.126034
0.170345
-0.367408
-0.036945
0.264141
0.086009
0.149478
0.702245
-0.013125
0.340910
0.165262
0.125091
0.190644
-0.522755
-0.168671
-0.225693
0.181709
-0.250551
0.203722
-0.359629
0.061456
0.176894
0.007012
0.236580
0.179860
0.024675
-0.034040
0.052980
-0.000754
0.081150
-0.133239
0.097218
-0.046039
0.184710
0.105808
0.130052
-0.035878
0.185738
0.085454
0.024325
-0.517914
-0.201454
0.163368
0.147086
0.076641
0.260740
0.018776
0.027098
-0.280354
0.152638
0.127108
-0.234686
-0.006758
-0.266329
0.465033
0.227176
0.095158
0.238902
-0.057976
-0.013604
-0.078894
-0.027321
0.082450
0.365425
-0.021109
-0.225045
-0.116974
-0.028432
-0.175442
-0.054311
-0.030820
-0.205427
0.117713
0.095482
0.196993
-0.328031
-0.222913
-0.210625
-0.353866
-0.375610
0.481609
-0.140538
-0.127671
-0.011600
0.006398
0.057719
0.416607
0.147949
0.572230
0.052515
-0.041934
-0.112536
0.229675
-0.123550
0.681863
0.024862
0.195843
-0.049607
-0.004037
-0.197097
0.233186
0.130061
0.169783
-0.517287
-0.359309
-0.229360
-0.241961
-0.171643
-0.002711
0.086163
0.056901
-0.461561
0.314401
-0.032749
0.274692
-0.042268
0.012784
-0.085092
-0.162306
-0.052497
-0.012487
-0.058134
-0.026579
-0.122345
-0.659890
-0.146362
0.070349
-0.059624
0.703913
-0.163870
0.158431
0.346206
0.625486
-0.233912
-0.320809
-0.579684
-0.256326
-0.034930
-0.037167
-0.010806
0.180761
-0.012676
0.332378
-0.149693
-0.300954
0.042652
-0.115873
-0.155044
-0.135167
0.095386
-0.047724
-0.098004
-0.211233
-0.115206
-0.033341
-0.447728
-0.063386
-0.127952
-0.293897
-0.306785
0.001968
0.024109
0.085682
-0.034116
-0.499416
-0.036945
-0.075229
-0.067199
0.909246
-0.088097
0.718632
0.058677
0.256415
0.098698
-0.240684
-0.130881
0.032454
-0.189390
0.351120
-0.387921
-0.088461
-0.305800
-0.086734
-0.288897
-0.514975
-0.264859
0.161038
0.354171
-0.186847
0.368470
0.047658
0.393529
-0.000672
0.151202
0.291084
-0.036549
0.051008
-0.309847
0.016337
-0.039389
0.196080
0.052502
-0.216100
-0.194997
-0.758545
-0.696620
-0.238673
0.106790
-0.719519
0.022601
-0.493634
-0.005978
-0.067493
-0.040522
0.056416
0.128880
0.230512
0.202581
0.204155
-0.146505
0.014968
0.161697
0.213535
-0.000279
-0.075402
-0.087038
0.169038
0.078439
0.159521
0.387109
0.108773
0.367135
0.159682
0.086951
-0.011331
0.036384
-0.061918
-0.090132
0.144137
0.102065
-0.105358
0.029630
-0.075364
0.077751
-0.212325
-0.040964
0.016690
0.088172
0.214301
-0.008071
-0.089168
0.042236
0.128742
0.038682
-0.096142
-0.501714
0.039824
-0.519023
-0.010055
-0.041616
0.038983
-0.108888
0.009024
-0.003882
-0.120965
-0.401431
0.005127
0.299460
0.267255
0.227936
0.127723
0.070090
0.157567
0.183262
0.350134
-0.035830
-0.077707
0.164539
0.028508
-0.019520
-0.161151
0.161013
0.099570
0.194318
0.011916
0.157698
-0.375152
-0.686622
0.285804
0.120150
0.032374
-0.620474
0.030463
0.150651
0.054209
0.126663
-0.322331
0.002690
0.050608
-0.201659
-0.073973
-0.231100
-0.155478
-0.067340
-0.166300
0.195361
0.155970
0.254678
-0.052185
-0.035864
-0.245625
0.131100
-0.017557
-0.721696
-0.131659
-0.014215
0.216248
0.261267
-0.061705
0.438446
-0.448304
-0.019618
0.193145
-0.136174
0.021977
0.965035
-0.037853
0.001979
-0.077943
0.234752
0.022187
0.112806
0.492227
-0.281450
0.077666
0.273505
0.309813
0.199144
0.170235
0.120879
0.073823
0.104840
-0.087398
-0.034846
-0.035773
0.127692
0.105546
-0.201723
-0.112682
-0.077848
0.243339
-0.112720
-0.405700
0.236217
-0.668246
-0.561728
-0.338383
-0.073668
-0.095981
0.209886
0.360882
0.066684
0.085603
-0.044744
-0.074309
0.124967
0.112385
0.922124
0.272449
0.248021
-0.052091
-0.212481
0.198134
-0.046249
-0.144999
-0.006435
-0.255037
0.162609
0.094850
0.066965
-0.026170
0.083677
0.386105
0.041720
0.183749
0.058031
0.349442
-0.105916
-0.699070
-0.841716
-0.170699
0.025509
-0.440145
0.333508
0.048087
0.086231
-0.016526
0.142084
-0.008258
-0.003959
-0.638919
-0.180232
-0.000881
0.162696
0.033791
-0.546156
-0.276572
0.419092
1.040387
0.147553
0.121319
0.147910
-0.211961
-0.214520
-0.110249
-0.421011
-0.053076
0.068850
-0.352353
-0.206542
-0.144091
-0.051383
-0.125221
0.247812
-0.046416
0.109534
-0.257057
0.057499
-0.285721
-0.041127
-0.034861
-0.350927
-0.035888
-0.059551
0.272218
0.057838
0.126487
-0.562808
-0.498012
-0.128365
0.002050
0.222567
0.240452
0.324433
-0.071208
-0.223289
0.117402
-0.155299
0.104899
0.226643
-0.232951
0.204499
-0.074964
0.272558
-0.023901
-0.072664
0.548940
-0.672457
-0.130367
0.090590
-0.019673
-0.106581
-0.703319
-0.135793
-0.058134
-0.183117
0.396228
0.398340
-0.859210
-0.234050
0.028518
0.221498
-0.142333
-0.063354
-0.050487
0.325801
0.049228
0.135209
0.010903
0.571712
-0.053939
0.301352
0.018646
-0.150665
-0.231257
-0.266912
-0.086482
0.004390
0.111507
-0.216416
-0.118432
-0.053130
-0.045556
0.098060
-0.018487
0.687556
-0.104111
-0.414349
0.049790
0.453715
0.429689
-0.262603
0.125055
0.182478
0.047189
0.294388
0.183951
0.276623
0.078757
0.074721
0.081334
0.203081
0.146083
-0.140455
-0.015924
0.045199
-0.078716
0.142856
-0.075301
0.398516
0.030974
0.170645
0.088302
0.093802
-0.343795
-0.028337
-0.074752
0.152255
0.260606
0.426993
0.182746
-0.138388
0.003935
-0.296395
0.086107
0.089562
-0.447582
0.014936
-0.614123
0.514917
0.412322
0.781924
0.162741
0.765582
0.682846
0.353118
0.528922
0.074630
0.082651
0.077305
0.122173
0.152648
0.091232
0.176141
0.706354
0.400234
0.284372
0.203976
0.059483
-0.052268
0.129387
0.001764
0.045847
-0.049940
0.136153
0.183502
-0.456626
-0.341507
0.408022
0.283313
0.202955
0.147477
0.286610
0.323004
0.499162
0.530503
-0.006392
0.084152
0.103798
0.092282
0.117926
0.121530
0.083339
-0.098115
-0.042767
0.007140
-0.078853
0.164823
0.008731
-0.940069
-0.226849
-0.014930
0.189261
-0.031193
-0.121676
-0.036577
0.014257
0.042996
-0.072969
0.045821
0.632437
-0.041614
0.040968
0.273810
0.136869
-0.352971
0.218278
-0.604106
0.064937
-0.093846
0.098807
0.383748
0.058241
-0.114308
0.188140
0.597406
-0.249802
0.112455
-0.190361
0.004626
-0.014839
-0.366831
-0.376311
0.187012
-0.262369
0.071187
0.129489
0.296212
0.030282
-0.502945
-0.079932
-0.146079
-0.005551
0.143003
-0.268711
-0.371107
-0.068591
0.043308
0.004094
-0.058404
0.134998
-0.022030
-0.041415
0.607185
0.606152
0.229746
0.099772
0.212933
0.159216
-0.241610
-0.160192
-0.130648
0.113473
-0.255860
-0.017071
0.143575
0.126503
0.123975
-0.222204
-0.232188
-0.136840
1.426994
-0.362576
-0.665477
-0.654636
0.151549
0.005406
0.018174
-0.020856
-0.074087
0.001721
-0.150281
0.370459
0.028426
0.056807
0.064843
-0.147243
-0.325094
-0.201962
-0.008483
-0.464335
-0.073963
-0.132273
0.213773
-0.003223
0.005316
-0.084791
0.358461
-0.081945
0.118883
-0.098563
-0.429910
0.004998
-0.134769
-0.199259
0.082973
0.029235
0.077016
0.039282
0.165267
-0.098966
0.283285
-0.086979
-0.694956
0.282978
0.047785
0.008015
-0.075160
0.812112
-0.077399
0.140219
0.170736
0.002271
-0.214594
-0.175504
0.177405
0.133148
0.038007
0.336979
0.350226
-0.603432
-0.135595
-0.008628
-0.139229
-0.088517
-0.133420
-0.260438
0.160882
-0.207550
-0.086267
0.054469
0.058524
-0.729957
0.137073
-0.136606
-0.105906
-0.152527
-0.030545
0.124993
0.066661
0.090192
0.325499
0.210320
-0.475599
-0.538125
-0.242223
-0.460513
-0.013600
-0.020708
-0.128876
0.086582
0.241712
-0.285286
-0.180755
0.105146
0.436935
0.145949
-0.113210
-0.117912
0.051578
-0.007775
0.182482
-0.086381
-0.559167
-0.132160
0.354667
0.280489
0.482919
-0.139022
-0.134000
-0.033161
0.142490
-0.133075
-0.390459
0.149932
-0.069191
0.140208
0.049051
0.083200
0.153464
0.353715
-0.133011
-0.191285
0.167614
0.065987
0.132428
-0.196706
-0.095699
-0.545905
0.222730
0.744979
0.198045
0.140595
0.071160
-0.231536
0.125330
0.670121
0.152460
0.072891
0.098319
0.047065
0.187087
0.014378
-0.262996
0.058210
0.091498
-0.008750
0.027206
-0.000316
0.080779
-0.094846
0.109546
0.089204
0.073208
-0.159128
-0.018366
0.527219
0.155082
0.213053
0.137462
-0.032767
-0.834778
-0.091216
0.105806
0.251374
-0.188739
-0.244751
-0.234564
-0.088386
-0.108853
-0.336275
0.101527
-0.325165
0.060842
0.098547
0.026129
0.047547
0.044769
-0.012854
0.199671
0.163786
0.223441
0.157358
-0.337338
0.073184
0.123731
-0.282790
-0.041412
-0.122500
-0.051457
-0.717454
-0.367649
-0.397628
0.083077
-0.050415
0.115365
-0.053793
-0.117346
-0.172919
-0.234889
-0.350273
-0.008246
0.047403
0.038509
-0.020212
0.138008
-0.211411
-0.063461
0.049562
0.144632
-0.082276
0.398863
0.174415
0.010619
0.486871
0.538611
-0.274042
0.351296
0.150898
-0.078658
-0.156730
0.063801
0.057118
0.202114
-0.014187
-0.018671
-0.186181
0.208281
0.938321
0.332022
0.190416
-0.224451
-0.078767
0.005462
-0.017917
-0.018386
0.001206
0.054430
-0.086887
-0.040182
-0.212973
0.253406
-0.558056
-0.084977
0.069766
0.100900
0.139598
0.080160
-0.228108
0.430273
0.235678
0.114963
-0.066316
-0.008558
-0.027950
0.143217
0.749798
0.146621
0.215428
0.044280
-0.088619
-0.036121
-0.255554
-0.153271
-0.507203
0.293368
0.225959
0.380592
0.059670
0.097137
0.068285
1.292071
0.004552
0.020289
0.251902
-0.043673
-0.070278
0.241081
-0.139756
0.008813
0.390247
-0.085403
0.028335
0.166154
-0.286932
0.054459
-0.058052
-0.060418
-0.511876
0.030823
-0.070681
-0.860286
0.013154
-0.099182
-0.123359
-0.013373
-0.155560
0.638584
-0.386158
-0.157188
-0.036304
-0.117800
0.023938
-0.347014
0.016508
0.091951
-0.148630
0.229634
-0.000342
-0.241525
-0.152469
-0.164976
-0.209217
-0.137767
-0.008706
-0.294497
-0.018596
0.104636
0.073158
-0.054887
-0.047634
0.138402
0.146857
0.074552
0.100173
-0.024520
0.024012
-0.081101
-0.058080
-0.021267
-0.015440
-0.022655
0.200015
0.450944
0.076057
-0.031343
-0.046875
0.082701
-0.275093
-0.120956
-0.019998
0.079090
-0.460006
-0.004641
-0.138702
0.068054
-0.224669
-0.066210
-0.011861
-0.114899
-0.093632
0.238034
0.360019
0.279670
-0.011370
-0.023611
-0.054552
0.159373
-0.130910
0.150581
-0.445979
-0.073326
-0.137811
-0.243209
-0.929757
0.073820
-0.104207
-0.009130
0.014294
0.054206
-0.075381
0.282075
0.165003
0.238686
0.051978
0.165242
-0.188289
0.097899
-0.481318
-0.079143
-0.153277
-0.115126
-0.842134
0.320223
-0.040698
-0.028985
0.397325
0.234840
-0.024240
0.358444
0.601980
0.375553
-0.257378
-0.283568
0.012985
0.221834
0.055000
0.016735
-0.052970
0.085483
0.094680
0.018319
0.064890
0.882988
0.296648
-0.171706
0.147892
0.371023
-0.102417
0.126580
0.156433
-0.243508
-0.012274
0.067113
0.068023
0.143239
0.055413
0.062676
0.037883
0.021181
-0.242910
-0.057300
0.016257
0.259745
0.249925
-0.044909
-1.134059
-0.073515
0.278164
0.155712
0.043636
0.352775
-0.073013
-0.243126
-0.001129
-1.059972
-1.078612
0.154941
-0.125786
-0.324454
0.162500
-0.049731
-0.185258
-0.061470
0.023509
0.129918
-0.052306
-0.106053
-0.006221
-0.050070
-0.241458
-0.115126
-0.233369
-0.143786
-0.008710
-0.858733
-0.241704
-0.375609
0.063615
0.082181
-0.098486
-0.104697
-0.242035
0.066693
-0.155534
-0.078453
-0.134670
0.066615
-0.163630
0.027940
0.563774
0.346040
0.112614
0.186360
-0.114891
-0.042641
-0.095257
-0.044904
-0.000259
0.243276
-0.029897
-0.429637
-0.263160
0.012434
-0.179153
-0.061369
0.092269
-0.021833
-0.142766
0.071568
0.081310
0.093805
0.122840
0.216276
0.273067
0.000247
-0.085762
-0.022127
0.146277
-0.109602
0.203838
-0.129074
0.379143
-0.016609
-0.065821
0.084508
0.083573
0.103799
-0.100799
0.196517
0.172760
0.172698
0.054768
0.299084
-0.023910
0.160379
-0.109843
0.806197
0.338039
0.100339
-0.021044
-0.166255
-0.032359
0.052186
-0.511410
-0.085298
-0.009022
0.241222
-0.017905
0.257872
-0.105527
0.034681
-0.760581
-0.164120
-0.225061
0.005228
0.123106
0.153169
0.013569
0.165273
0.008252
1.033311
0.969615
0.022155
0.202271
0.121046
0.018002
0.100295
-0.317978
-0.139684
-0.064072
-0.275957
-0.403259
-0.136447
-0.160740
0.180045
0.311099
-0.043515
0.203124
0.110676
-0.075392
0.052847
-0.044799
0.086501
0.013217
-0.172087
0.390055
0.405681
-0.880966
0.095012
-0.058412
0.257553
-0.036239
0.477226
0.219930
0.157043
-0.057741
-0.178667
-0.541804
-0.641093
-0.164122
0.037112
0.139042
0.018777
0.213563
-0.116656
0.086838
-0.896901
-0.081272
-1.185897
-0.631903
-0.599358
0.040075
-0.111488
-0.066309
-0.040529
0.022140
-0.238754
-0.157661
-0.017842
0.068911
0.037149
0.075075
0.255569
0.021263
0.170998
-0.220992
-0.419531
0.121885
-0.309904
-0.266454
-0.120311
0.097742
0.402614
-0.366593
-1.240094
-0.448718
-0.025474
-0.007710
-0.200999
-0.132579
0.448069
0.113124
0.210307
-0.106494
-0.048147
-0.080496
0.255364
-0.124368
0.258150
0.137334
-0.021024
-0.248335
0.079556
0.109798
0.169519
-0.195812
-0.036437
0.012979
0.259386
0.232653
-0.073158
-0.415422
0.033658
-0.134735
-0.112194
-0.160968
-0.048687
-0.099044
0.133357
-0.198704
0.048529
-0.343913
-0.028221
-0.020310
0.439375
-0.099326
0.037150
-0.720391
-0.737447
0.340446
0.431821
0.001365
-0.013329
-0.069733
-0.161884
-0.185139
-0.544704
-0.001240
0.104649
-0.073887
0.023818
-0.015236
0.028515
-0.004760
0.870887
0.447619
0.209988
0.132755
0.007279
0.206256
0.305433
0.215652
-0.704398
-0.313351
0.581667
0.322930
-0.111078
-0.055763
-0.048391
-0.654941
-0.035408
-0.219857
0.014518
-0.051067
0.051318
-0.100440
-0.029183
-0.355717
0.062086
-0.098838
0.040183
-0.180722
-0.141246
0.158256
0.229198
0.085417
-0.054119
0.465790
-0.051108
-0.322331
0.484158
0.107441
0.119717
0.091144
0.273344
0.214184
0.003127
0.018557
-0.285335
-0.263949
-0.112337
-0.271132
0.030664
-0.175053
-0.615747
0.254972
0.149432
0.126369
-0.598397
0.111980
-0.020185
-0.538869
-0.068199
0.256380
-0.632252
0.101128
-0.141889
-0.174849
-0.349769
-0.316786
-0.157013
-0.659498
-0.734967
-0.247291
-0.166632
-0.205224
-0.007227
-0.207524
-0.018032
-0.157127
0.309157
-0.049809
0.199578
-0.229767
-0.276802
-0.439188
-0.450332
-0.240445
-0.008952
-0.060235
0.041899
-0.499864
0.123494
-0.104855
0.313999
0.031883
-0.034272
-0.111147
0.017818
-0.264108
-0.147806
0.041213
0.517303
0.059116
-0.124745
0.085062
0.499955
0.115394
0.048069
-0.349684
-0.073783
-0.093017
0.077067
0.106058
-0.044130
0.036394
0.079589
-0.164649
0.277979
-0.226808
-0.088204
-0.124589
-0.081937
-0.009050
0.166286
0.119344
-0.011860
0.144973
0.041521
-0.127885
-0.238145
0.038065
0.039752
0.000280
0.067990
-0.133550
0.081682
-0.124468
-0.039763
-0.940936
-0.000271
-0.074980
0.480871
-0.019665
-0.709700
-0.104249
-0.474622
0.126079
-0.273388
-0.150653
-0.117519
-0.146488
-0.198232
-0.104470
0.201954
-0.190289
-0.191267
-0.055612
0.014499
0.225170
-0.084605
0.256517
0.414228
0.337741
0.035980
-0.095958
-0.090235
-0.149732
-0.105092
-0.121793
-0.187050
-0.108674
-0.117250
-0.139018
-0.053142
0.147918
0.164855
0.052425
-0.137105
-0.023372
0.307692
-0.442865
-0.354998
0.096061
-0.103027
-0.148324
-0.420053
-0.083166
-0.143675
-0.041590
-0.174312
0.499732
0.438626
0.040775
0.387774
0.035650
0.383019
-0.051503
0.054038
-0.008745
0.108735
0.156896
0.236138
0.076201
0.157083
-0.602888
-0.714469
-0.280714
0.096901
-0.073507
-0.149531
0.026854
0.186876
-0.018530
0.161487
0.042856
0.015619
-0.307580
0.251481
-0.224370
-0.047068
0.157211
-0.312858
-0.103392
0.090227
0.050289
0.314576
0.192088
0.124190
0.014124
0.169550
-0.081328
0.260599
0.217041
0.189514
0.077390
0.103730
0.042332
0.101469
-0.625739
-0.255157
-0.062307
-0.755449
0.107299
-0.132280
-0.157241
0.184079
0.096557
0.094664
0.033416
0.262529
0.179392
0.000477
-0.121555
0.072107
-0.102569
0.139146
-0.482735
0.702002
-0.031440
0.235326
0.035178
0.264536
-0.095227
-0.044096
-0.446149
-0.170790
-0.207312
-0.142286
-0.203893
-0.035485
0.056298
0.168789
0.841432
-0.210667
-0.125127
0.216693
0.041053
0.096185
-0.054390
0.208464
-0.031390
0.159275
0.345492
0.232696
-0.015192
-0.649384
-0.102093
-0.153158
-0.009275
-0.035495
-0.106791
0.141845
0.113519
0.360995
0.097686
-0.172326
-0.405194
0.130648
-0.120837
0.228671
-0.141016
-0.006482
-0.229561
-0.559234
-0.563334
-0.070818
0.058439
0.043782
0.539960
-0.178133
-0.138352
0.245933
1.126517
0.765189
-0.111428
0.210601
0.019050
0.154081
-0.299838
0.032772
0.148336
0.316816
0.426707
0.193389
0.050348
0.182336
0.001232
-0.004407
0.082491
0.084381
0.212664
0.180748
0.258933
0.523277
-0.618361
-0.034944
-0.280910
-0.161091
0.113125
-0.006433
-0.269044
-0.150951
-0.295666
0.033785
0.022666
-0.240969
0.273919
0.198038
-0.458308
-0.404033
-0.090389
-0.163757
0.034012
-0.628446
0.104387
0.280486
0.082923
0.602785
0.323040
-0.214287
-0.090809
0.618891
0.189430
0.090732
0.537418
-0.058134
-0.096692
0.016388
-0.488048
0.176687
0.169909
0.066444
0.163075
0.666836
-0.105243
-0.086430
-0.325651
0.075157
-0.071530
0.175421
0.000059
-0.268489
0.247559
0.158711
0.024440
0.239428
0.148953
-0.019113
-0.101209
0.297919
-0.030818
0.104742
-0.052630
-0.132086
-0.028389
0.172743
0.356309
-0.429739
-0.179305
-0.277613
0.041415
-0.171140
0.371880
0.334274
-0.288340
0.179396
-0.077826
0.074287
0.282581
-0.385143
-0.656314
-0.064271
-0.031296
0.079332
-0.700791
-0.238829
-0.095382
0.096892
-0.740616
0.142782
-0.644020
-0.114179
-0.212419
-0.373892
-0.006125
0.203993
0.044722
0.010478
-0.343153
-0.034139
0.008799
-0.012890
-0.100290
0.272054
-0.007189
0.085193
0.236229
0.026602
0.011654
-0.052122
-0.072798
-0.361707
-0.132108
-0.308695
-0.434420
0.183345
0.033047
0.968930
-0.056789
-0.056786
-0.639220
-0.015159
0.083410
0.126346
-0.025817
0.344229
0.014123
-0.572876
-0.746490
0.237793
-0.134685
-0.094857
0.099368
0.075642
0.064513
-0.007759
0.125531
0.110347
0.172089
-0.166566
0.072326
0.132410
0.073278
0.133831
0.114020
0.246672
0.134136
0.053005
0.079727
-0.028792
0.258394
0.180906
0.165768
0.254516
0.275205
-0.361057
-0.007088
0.005513
0.094174
0.017142
-0.270897
0.011069
-0.086814
0.096631
0.114458
0.098285
-0.215181
-0.093953
0.208307
0.098126
0.059767
-0.371312
-0.004464
0.302553
0.101427
0.252110
-0.098949
-0.211801
-0.450974
0.143084
0.486618
1.062056
0.203092
0.118646
-0.065468
0.000934
0.356324
0.107715
0.066929
0.273271
0.018821
0.239805
-0.354975
0.253938
0.161451
0.201648
-0.034102
0.110724
-0.191847
-0.525237
0.103963
0.075702
-0.122087
0.078835
0.227900
0.139663
-0.073833
0.130080
-0.295629
0.073083
0.083421
0.081524
-0.263435
0.061734
-0.350284
0.057079
-0.149060
0.121219
-0.135565
0.082307
0.065335
0.474529
0.356299
0.408843
0.082490
-0.642934
-0.102598
-0.083402
0.063264
0.263978
0.113638
0.196556
0.142689
0.150412
-0.090311
0.231037
-0.062297
-0.204528
-0.309050
-0.348758
0.137217
-0.102815
0.063850
0.179089
-0.081206
0.007608
-0.199414
-0.093321
-0.152779
-0.221670
0.035592
0.077127
0.034153
0.017991
0.317629
0.252572
0.214303
0.208004
0.308539
-0.285211
0.011356
0.346436
0.328470
0.452308
0.186225
0.231734
0.107108
-0.009624
-0.344168
-0.072493
-0.136619
0.203872
-0.663973
-0.252947
0.155379
-0.699547
-0.252269
-0.183823
0.030751
0.890025
-0.004268
-0.145211
-0.146551
0.148563
0.146795
-0.029766
0.024244
0.227460
0.027687
-0.025732
-0.118143
0.011697
0.172772
0.419205
-0.185228
-0.203685
0.163971
0.259015
-0.036035
-0.417201
-0.537580
0.277557
0.023061
-0.042950
-0.120711
0.078049
-0.005442
-0.047803
-0.635940
0.058995
-0.434120
0.055375
0.037261
-0.116586
-0.125159
-0.102151
-0.107703
-0.175497
-0.171076
0.032106
-0.123437
0.112080
0.005584
-0.202486
0.315564
-0.079055
-0.037971
0.038120
-0.105606
-0.009873
0.079349
-0.113845
-0.141871
0.048403
-0.029948
0.011235
-0.369929
-0.085830
-0.200503
-0.064458
0.119085
0.350172
-0.117548
0.202103
-0.050704
0.002068
-0.919298
0.490448
0.695018
0.551147
0.238443
0.174799
-0.038164
0.418929
0.042591
0.092536
0.000521
0.189104
0.270107
0.153838
0.302714
0.627932
0.045693
0.381759
0.105683
0.134272
-0.087723
0.033100
0.016675
0.330017
0.221375
-0.088434
0.155333
-0.084508
-0.077069
0.293106
0.045471
0.240846
-0.538170
0.002392
0.254674
-0.847043
-0.229362
0.482341
0.001967
0.146188
-0.143141
0.053935
-0.210872
0.114038
0.062474
0.222692
0.186933
0.154987
-0.389680
0.669292
0.516621
0.075936
0.011612
0.004333
0.151770
-0.004079
0.023602
0.368497
0.091748
-0.032054
-0.288056
0.062772
0.070205
-0.027498
0.000471
0.216576
-0.082072
0.026850
0.009746
0.036815
0.237037
0.154334
0.153283
-0.129977
0.043862
-0.098150
0.028421
0.216382
0.106324
0.240517
0.058287
-0.082468
0.159253
-0.071126
-0.157357
0.170787
-0.367899
-0.040365
-0.069413
0.381054
-0.071619
-0.468941
-0.008131
0.497038
0.211629
0.633146
0.061406
0.233997
0.225710
0.123205
0.207659
-0.237598
0.322799
0.054320
0.211749
0.043082
0.010566
0.048204
-0.101225
-0.178393
-0.015467
0.291783
-0.025926
-0.762257
-0.110031
-0.003435
0.097300
0.386669
-0.208699
-0.013572
0.039765
0.244974
-0.118587
-0.095531
-0.846636
0.313368
0.166222
-0.127136
-0.008780
0.136478
-0.011036
0.178686
-0.235539
-0.813808
0.054319
0.261418
-0.701801
-0.035252
-0.163062
0.033581
0.111227
-0.142268
-0.136104
-0.077624
-0.020250
0.054849
-0.173120
-0.079003
0.191073
-0.338630
-0.274727
0.136255
0.269347
-0.079516
0.019410
-0.014358
-0.144688
-0.259482
-0.289907
-0.595464
0.054253
-0.081259
-0.134145
-0.148856
0.179171
0.576208
0.185678
0.082235
-0.109216
-0.126772
0.083929
-0.079155
-0.144706
0.088805
0.006977
0.130769
-0.051990
-0.123667
-0.769024
0.086661
-0.020639
-0.050217
-0.282868
-0.023577
0.261445
-0.014523
0.060460
0.021148
-0.295718
-0.024833
0.109959
0.341015
-0.397415
0.354398
0.014830
-0.128131
-0.440041
-0.252676
-0.174154
0.057836
0.085220
0.276801
0.017137
-0.911386
0.145241
-0.032810
-0.674289
0.011535
-0.069325
0.180526
-0.082757
0.195339
-0.159878
-0.128245
-0.762436
0.057833
-0.142792
-0.115011
-0.015547
-0.153343
0.263687
0.581705
-0.330941
0.222055
0.259059
0.180811
0.215865
-0.233816
-0.137950
0.114885
0.039530
0.031721
-0.230665
0.062748
-0.264906
0.152167
-0.239518
0.167889
-0.108950
0.129951
-0.169073
-0.008675
-0.354580
-0.106481
-0.240746
0.051924
0.064253
0.008364
0.534730
0.277713
0.034859
0.152946
0.251061
0.105860
-0.161369
-0.174935
-0.232872
0.107856
-0.055710
0.209017
0.048553
-0.086454
-0.073421
0.010685
-0.376561
-0.180507
0.030987
0.111355
-0.090988
0.313340
0.356779
0.001795
-0.939148
-0.967482
-0.789692
-0.202805
-0.223532
-0.110694
-0.036538
-0.413918
0.100340
-0.519553
-0.344277
-0.022290
0.025809
-0.034154
0.077466
-0.497545
-0.030907
-0.151291
0.132788
-0.098599
0.105586
-0.077145
0.111615
0.260429
-0.000561
0.052106
-0.139070
0.016271
0.149964
0.010063
-0.052760
0.048067
-0.125652
-0.096752
0.094130
-0.069444
-0.740000
-0.101278
-0.161758
-0.025825
-0.193821
0.272266
-0.260574
0.226552
0.597783
0.327255
0.227508
-0.009996
-0.063690
-0.083431
-0.775104
-0.050118
-0.373441
-0.541131
-0.545255
0.144512
0.217206
0.727447
-0.065509
-0.681179
-0.318938
-0.145320
-0.143206
0.163720
-0.174985
0.151531
0.263238
0.246251
0.026889
0.095663
0.022492
0.127334
-0.655845
0.003825
-0.249182
0.028265
-0.185855
0.009367
0.043802
0.013032
-0.026050
-0.344192
1.216438
-0.128215
-0.154423
0.072448
0.056702
0.139358
-0.090434
-0.164486
0.246059
-0.131517
0.148156
-0.030189
0.059694
0.651162
0.188648
-0.215163
-0.045109
0.200834
-0.530375
-0.023573
-0.698225
-0.034490
0.044738
0.312965
0.255485
-0.015215
0.081515
-0.039557
-0.034005
0.130217
-0.270556
0.153571
-0.920725
-0.915571
0.108468
-0.247646
-0.692823
-0.071125
-0.230796
0.101158
-0.658035
0.541002
-0.195078
-0.128816
0.055766
0.210062
0.014881
0.180625
-0.030825
0.378436
-0.649267
0.058078
0.399613
0.470897
0.685256
0.111136
0.018869
0.022052
0.187384
0.083659
0.574855
0.586685
0.096959
0.128885
0.154941
-0.314605
0.340062
-0.342973
-0.100956
0.063520
0.033212
-0.118548
0.049076
0.100585
0.165155
-0.201734
0.133564
0.165658
-0.072209
-0.306830
-0.003850
0.326532
0.007180
0.252499
-0.116603
-0.235454
-0.244585
-0.176313
-0.181824
0.118503
-0.066047
0.168908
-0.154163
0.154941
-0.020657
0.185814
0.084195
0.589171
-0.168272
0.285863
0.023942
0.154394
-0.175586
-0.172418
-0.145519
-0.617438
-0.599524
0.043437
0.065332
0.190179
-0.264431
0.065419
-0.141915
-0.431288
-0.326815
0.024364
-0.110245
-0.045872
-0.021049
0.100889
-0.067005
0.173278
0.045664
-0.024564
-0.118942
0.056584
-0.025826
0.127681
0.160320
0.029498
0.047550
-0.071826
-0.058786
-0.056207
0.410536
0.729449
-0.016717
0.129661
-0.359260
-0.185142
-0.403496
0.202329
-0.118173
0.029322
-0.240474
-0.049917
-0.084599
-0.244190
0.068769
0.140770
-0.531209
0.244482
0.022103
0.093981
-0.244326
0.062718
0.102926
0.045832
-0.016492
-0.628167
-0.481674
-0.241163
0.300153
0.132387
-0.051493
0.246653
-0.449986
0.198117
0.019328
0.020695
0.163038
-0.190196
0.027280
-0.098204
-0.008706
0.140579
-0.077632
0.070961
0.222106
0.412292
0.005804
0.006291
-0.038048
-0.000390
0.168231
0.017840
0.066352
0.275184
-0.020186
0.302763
-0.008611
-0.126258
-0.140485
0.298637
0.320523
-0.091498
0.032495
0.054817
0.158535
0.253833
-0.294995
0.003846
-0.155307
-0.120610
0.022270
0.083247
0.202320
-0.162610
-0.004418
-0.145883
0.064842
-0.051844
-0.100363
0.040914
-0.350122
-0.464644
0.026102
-0.260240
-0.234298
-0.346465
0.004222
-0.285216
-0.283617
-0.145350
-0.062792
0.081964
-0.225709
-0.116379
-0.146061
0.028603
-0.315585
-0.069461
0.118995
-0.040753
-0.266342
-0.748616
-0.154877
-0.020489
0.120656
0.139013
0.191743
-0.094356
-0.146485
-0.130078
-0.113734
-0.027821
-0.019756
0.070823
-0.108738
0.080349
-0.989768
-0.715628
0.026607
-0.129138
-0.027249
0.076858
-0.335239
-0.082215
-0.003803
0.014597
-0.083532
0.252325
0.112022
0.013434
0.009821
-0.099297
-0.078227
-0.147255
-0.222741
0.227300
0.059529
0.588114
-0.236710
0.106043
-0.202719
0.107772
-0.085217
0.172847
-0.129422
0.130216
0.036761
0.127070
-0.006138
-0.082857
-0.613451
0.284643
-0.131570
0.130225
-0.221870
-0.337610
-0.669241
-0.218345
0.000544
0.095412
-0.358125
-0.029231
0.046995
0.039353
-0.555074
-0.018916
-0.962510
-0.062925
0.026107
-0.010012
-0.036875
-0.285994
0.087472
-0.031535
0.104055
-0.010771
-0.078461
-0.101540
-0.484161
-0.339847
-0.068757
0.000266
-0.241887
-0.076259
-0.138403
0.159550
0.001959
0.106710
0.205543
0.050057
0.017053
0.069585
0.374409
-0.009460
-0.289410
0.166268
0.195471
0.072358
-0.105921
0.693521
0.245369
0.124363
0.423742
0.505247
-0.065379
0.216351
-0.503651
-0.042490
-0.108301
-0.096661
-0.382595
-0.505903
-0.050709
0.003896
0.295014
0.869818
0.111446
-0.017242
-0.087021
0.104472
0.073684
0.049922
0.147704
0.700243
0.122138
0.093481
0.117549
0.121184
0.081343
0.355064
0.045968
-0.147436
0.392045
0.228509
-0.328870
-0.079018
-0.158406
-0.029401
-0.208635
0.055509
-0.173091
-0.003388
-0.027362
-0.235899
0.146807
0.348084
-0.026752
0.083477
-0.211221
0.307166
0.290487
0.376071
-0.149156
0.374612
-0.029392
0.112055
0.011776
0.151350
0.060156
0.246542
0.495852
-0.603470
-0.544708
-0.207916
0.085977
-0.597975
0.659963
0.505146
-0.438543
-0.001318
0.019330
0.046075
0.567939
0.023654
0.067387
0.217070
-0.100651
-0.142067
-0.021775
0.150514
-0.101766
0.456173
-0.252930
-0.112800
-0.075265
-0.676972
-0.238369
0.130335
0.317242
-0.016374
0.146418
-0.517031
-0.442519
-0.480926
0.244354
0.245028
-0.035268
0.194900
0.168969
-0.576758
-0.190760
-0.094065
0.080698
-0.205304
-0.255680
-0.195486
0.212020
-0.000839
-0.317108
0.073784
0.710075
-0.462553
0.108075
-0.207788
0.034881
0.269680
0.026017
-0.030181
0.048574
-0.034136
-0.037926
0.060027
-0.030355
-0.072598
0.091928
0.182702
-0.065783
-0.390122
-0.235870
-0.011018
0.065430
0.001325
0.051259
0.079314
-0.231763
-0.185325
-0.162169
0.044100
0.355426
0.280587
0.341029
0.221121
-0.090053
-0.260345
-0.052165
0.174036
0.051079
0.258195
-0.059373
-0.012105
0.019774
0.110691
-0.217711
-0.136479
-0.322614
-0.091006
-0.110841
0.156292
0.009150
-0.096943
0.078394
0.101989
0.159506
0.092614
0.092699
0.088246
0.016307
0.155773
-0.041713
0.157331
0.253568
-0.393748
-0.533953
0.001797
0.083148
-0.004087
0.120558
0.146349
0.103855
0.166622
0.286443
0.188091
-0.008900
0.044612
-0.482154
0.166818
0.030549
-0.054750
0.002782
0.179980
-0.045780
0.856393
-0.476324
0.273935
-0.169791
0.050205
-0.069297
0.313443
0.012901
0.123239
0.159469
0.150370
0.200634
0.188481
-0.438399
0.029045
0.118505
-0.007942
0.110717
0.245667
-0.883166
-0.025487
-0.393386
-0.243358
-0.103173
0.230176
0.195826
-0.084481
-0.135711
0.055351
0.011934
0.458505
0.016615
0.251601
0.024074
0.026293
-0.232185
0.209571
0.176121
-0.185584
-0.044030
0.120375
0.272599
0.271486
-0.183234
0.032761
0.151090
0.821082
0.061997
0.134527
0.195442
0.125409
-0.058726
0.053469
0.114856
0.161578
0.159255
0.103562
0.012685
-0.102821
-0.426111
0.175587
-0.156610
-0.164622
-0.204945
-0.071506
0.169693
-0.262865
-0.066921
0.234376
-0.583202
0.115979
0.319475
0.203336
0.348762
-0.003952
-0.098467
-0.155044
0.184215
0.319704
0.091033
0.104744
-0.049575
-0.035496
-0.306933
-0.361869
-0.317807
-0.090019
-0.054631
-0.042209
-0.027923
0.117021
0.033888
0.136606
0.651230
-0.532855
-0.255889
0.572541
0.099845
-0.555197
-0.142649
-0.079597
-0.067597
-0.204918
-0.257710
-0.005803
-0.069704
-0.103647
-0.122140
0.116696
0.025846
-0.068380
-0.169641
0.046056
-0.413162
-0.225761
-0.213036
-0.044077
-0.081959
0.330807
0.016891
0.003673
-0.360928
-1.131288
-0.535890
-0.515802
-0.666534
-0.355179
-0.127361
-0.059348
-0.261579
-0.035081
-0.169737
0.029556
-0.040349
0.064725
-0.075995
-0.154517
-0.017369
0.264769
0.084660
-0.246618
0.554517
0.458182
0.244759
0.169672
-0.125264
0.399029
0.145409
-0.040830
0.116893
-0.540710
0.000313
0.097574
0.074481
-0.068400
-0.258669
-0.146028
0.083631
-0.031068
-0.358942
0.072401
0.067316
0.109557
-0.002823
0.043838
0.096812
0.123994
-0.063764
-0.117837
-0.272544
-0.378439
-0.113920
0.203870
-0.118962
-0.003808
0.198677
0.049034
0.127867
0.127225
0.125801
0.130898
0.154324
-0.009077
-0.154518
-0.029669
-0.159554
0.141586
0.185519
-0.741347
0.750721
-0.055816
-0.116126
-0.359232
-0.396737
0.191297
0.116650
-0.195448
-0.061135
-0.048758
-0.034235
0.016617
0.157273
-0.167494
-0.532593
-0.084488
0.017823
-0.019119
0.005589
0.150718
-0.528658
-0.602937
-0.193965
0.194449
-0.052543
-0.411708
-0.479784
-0.233844
0.040657
0.158809
0.300968
0.082766
-0.449125
-0.810733
-0.102599
-0.199986
-0.880393
-0.799083
0.158613
-0.792010
0.016332
-0.019948
0.215991
0.457791
0.398736
-0.086538
0.087994
0.336312
0.150727
0.123450
-0.153387
0.431041
0.267173
-0.077924
-0.207774
-0.357963
0.003951
0.055749
0.122688
0.162398
-0.001237
0.018160
0.034201
0.035486
0.112384
-0.492733
0.059965
-0.098102
-0.430454
-0.388538
-0.456427
-0.726857
-0.030853
0.155035
0.004773
0.102165
0.109972
0.498300
1.045596
0.290291
0.170073
-0.015513
-0.688156
-0.186316
-0.052800
-0.308465
-0.148834
-0.370964
-0.505802
0.324846
0.094139
-0.002527
0.038691
-0.087377
0.090193
-0.055167
-0.448569
-0.198939
-0.157844
-0.072635
0.133000
0.533177
0.950094
0.197289
0.324783
-0.302019
-0.123482
-0.025835
-0.160976
-0.219683
0.064338
0.141326
-0.894564
0.142698
-0.066612
0.383637
-0.542855
0.154301
0.115905
0.208001
0.080155
0.185200
0.299522
0.287278
0.292386
0.346774
0.008960
0.016415
0.041727
0.041925
-0.231841
-0.086509
-0.094846
-0.887827
-0.307694
0.087994
0.272125
0.094615
0.346368
0.350371
0.425317
-0.260698
0.100665
0.064180
0.061730
0.188255
-0.099242
-0.028865
0.120462
0.263746
0.024440
0.008813
0.024796
-0.319685
0.104209
0.500477
0.276013
-0.087819
-0.163096
-0.039230
-0.056768
0.070467
0.045684
-0.001853
-0.646317
-0.328631
-0.055828
0.008063
-0.057644
0.162923
-0.111778
0.252690
0.122474
-0.016174
-0.226447
0.383144
0.233282
0.068032
-0.401483
-0.089653
-0.006105
0.133205
-0.021949
-0.002401
-0.298065
-0.101594
0.035325
0.099560
0.086507
-0.205059
-0.000046
0.042579
0.011131
0.054095
-0.021100
0.086748
-0.235679
-0.183681
-0.077316
-0.316505
-0.580757
-0.236307
-0.692706
0.046481
-0.098881
0.241925
-0.134050
-0.527519
-0.180318
-0.326667
-0.322272
-0.612468
0.017649
0.169904
-0.693811
-0.414106
0.049467
0.084858
-0.091949
-0.060264
-0.027889
-0.095435
0.016085
-0.045770
0.029387
-0.155189
-0.025934
-0.464975
0.188560
0.238370
-0.020563
0.385457
0.809351
0.131341
0.409877
0.384596
0.000885
0.327059
-0.466759
-0.311214
0.494922
0.359882
0.673614
0.136800
0.153590
0.225752
0.162833
-0.673866
0.036228
0.324261
-0.079179
-0.216920
-0.533824
-0.055899
-0.090420
0.121924
0.281066
0.040829
-0.092683
-0.135601
0.021047
0.058088
0.106527
-0.534535
-0.548974
-0.077210
-0.083811
-0.377205
0.267176
-0.029300
-0.275229
0.082427
0.162289
0.249824
0.133623
0.262311
0.327966
0.293271
-0.092559
0.011339
-0.106626
0.122015
-0.067856
0.194030
-0.196402
0.159804
-0.051196
0.135921
-0.088097
0.127983
-0.074191
0.241409
-0.090486
0.092107
-0.207339
-0.021252
-0.197158
0.002891
0.180799
0.071845
-0.104268
0.049872
-0.068818
0.048499
-0.075621
0.131312
0.060775
0.219567
0.041650
0.362743
-0.017826
0.046762
0.079867
-0.017768
-0.101099
0.294561
-0.024132
0.362700
-0.006448
-0.353796
0.182136
0.428224
0.568267
0.039296
0.136499
0.169646
-0.098574
0.170328
0.065603
0.443336
0.404283
-0.170761
-0.375961
-0.132511
-0.169210
0.006763
-0.085364
0.134012
-0.250371
0.069604
0.093147
-0.419491
-0.061245
0.062040
0.302705
0.122294
-0.187429
-0.251523
0.011904
-0.192833
-0.050806
0.319371
-0.039289
-0.027174
-0.235350
-0.156672
-0.262882
0.014990
-0.360074
-0.291848
-0.311967
-0.108720
-0.055775
0.208271
0.001226
0.014912
-0.205000
-0.117901
0.054546
0.009136
-0.074442
0.190515
-0.048130
0.019383
0.176720
0.236084
0.018120
-0.183837
0.055260
0.035356
-0.341699
-0.157822
-0.127302
0.255731
-0.054196
0.338727
0.307773
-0.423957
0.079615
-0.059864
0.066175
-0.141578
-0.205448
0.205391
0.005382
0.379671
0.247573
0.364687
-0.498922
-0.465280
0.068940
0.036923
0.092544
0.029719
-0.055543
0.721289
0.748178
0.069825
-0.088466
-0.014604
0.917932
0.678608
-0.225009
0.005997
-0.412958
-0.331546
-0.048861
-0.565007
-0.149570
0.067598
-0.026023
0.097278
-0.123978
0.088502
-0.370108
-0.048402
-0.180356
0.132286
-0.000274
0.125268
0.218687
-0.012621
-0.100073
0.285700
-0.438790
0.167654
-0.032836
-0.253786
0.066919
0.108565
-0.071858
-0.092299
-0.082079
-0.094371
-0.161152
-0.147866
-0.026216
-0.412332
-0.457557
-0.039799
0.193536
-0.018391
-0.118845
0.109820
0.123270
0.130663
-0.022687
0.115687
-0.131225
0.138464
0.087648
0.100676
0.434351
0.385146
0.027641
0.163602
-0.052954
0.033714
-0.130546
0.063706
0.003137
0.096731
0.026139
0.064764
-0.092697
0.025359
-0.200963
0.001314
-0.489215
0.113525
0.044145
0.046246
0.006894
0.166034
-0.169654
-0.068001
-0.127106
-0.199430
-0.099635
-0.077960
-0.021928
-0.028682
-0.117192
-0.095862
0.038644
0.287667
0.008611
0.056134
-0.073862
0.043446
-0.030809
0.044085
0.029016
-0.148497
-0.263333
0.046952
-0.365105
0.225411
0.063401
0.168234
0.249014
0.167642
0.259141
0.032631
-0.542673
0.300675
-0.467088
0.056267
0.020000
-0.021942
-0.199690
0.021906
0.163533
0.522788
0.207787
0.098090
0.074792
-0.600792
-0.688607
-0.034241
-0.119310
0.335520
0.004200
0.201102
0.149454
0.099882
-0.377404
-0.000513
0.038433
-0.016800
-0.595924
-0.116126
0.505984
0.049645
0.114000
-0.049187
-0.565047
-0.738724
-0.797590
0.055159
-0.140892
-0.023884
-0.396896
0.196009
-0.036945
-0.036604
-0.079536
-0.006203
-0.109226
-0.018122
-0.180576
0.089900
0.012803
0.026722
-0.080475
-0.071495
-0.084333
-0.415379
-0.075446
-0.233563
-0.259402
0.577939
-0.086901
-0.111801
-0.233049
0.092854
-0.096292
-0.027568
-0.054126
0.188079
0.089000
0.131080
0.094174
-0.020978
-0.087111
0.015386
-0.033525
-0.238141
-0.030594
0.196962
-0.098784
-0.303651
0.033272
-0.129735
-0.524629
-0.134197
-0.084184
-0.021650
0.146496
-0.079026
-0.012065
0.158203
0.046131
-0.131757
-0.027161
-0.246769
0.070926
0.109715
0.233546
