0.121410
0.298303
0.065893
0.093511
0.144906
0.114185
0.123320
0.138853
0.046547
-0.034866
0.010231
-0.092438
0.017975
0.007579
0.037419
0.062794
0.119645
0.173976
0.233132
0.082789
0.160293
0.062264
0.099744
0.083162
0.057596
0.129489
0.056558
-0.004168
0.045700
0.008167
-0.105481
-0.004761
-0.030255
0.051188
-0.103545
-0.020538
0.004846
0.009237
0.132722
0.117588
0.140615
0.099226
0.066408
0.097692
0.142835
0.107241
0.132596
0.072052
0.104744
0.052999
0.006104
-0.022940
0.031984
0.039907
0.001555
-0.007283
0.037460
0.033461
0.018041
0.015222
-0.049083
-0.016702
0.112143
0.065991
0.077129
0.090398
0.200652
-0.046152
0.038607
-0.005474
0.136779
-0.092567
-0.000221
-0.024034
0.077207
0.083439
0.063739
0.087517
0.139501
0.061829
0.119876
0.138577
0.036990
0.082650
0.059242
0.082017
0.033110
-0.035918
0.043771
-0.004991
0.017832
-0.011369
-0.070433
0.055223
0.121348
0.000424
-0.039753
-0.000251
0.210672
0.101246
0.217207
0.085876
0.133489
0.161195
0.187072
0.115404
0.141260
0.165396
0.143618
0.049846
0.058491
0.056862
-0.037670
-0.009646
0.036755
-0.036130
0.044561
0.055638
0.068470
0.031050
0.016269
0.027018
0.204772
0.108242
0.062732
0.082460
0.049050
0.140205
0.159484
0.102461
0.102158
0.092778
0.145811
0.123734
0.052120
0.109517
-0.021857
0.097534
0.018730
-0.000882
0.046963
-0.021392
0.055219
0.083995
0.002124
0.068564
0.144288
0.077184
0.200443
0.129555
0.085995
0.035103
0.139305
0.083862
0.087356
0.084851
0.135641
0.137588
0.008791
0.013725
-0.017350
0.037675
-0.028049
0.029650
-0.005634
0.078566
0.049931
-0.000672
0.010048
-0.004395
0.113773
0.194846
0.049237
0.083726
0.143518
0.106909
0.085559
0.047109
0.063928
0.234620
0.119779
0.096981
0.039383
-0.021060
0.022925
0.022306
-0.023424
0.050231
0.086496
0.000042
-0.021713
0.016779
-0.058713
-0.039639
0.010446
0.007125
-0.066720
0.142950
0.030254
0.113821
0.023002
0.097398
0.146966
0.123913
0.075068
0.149029
0.119161
0.130784
0.094509
0.059400
0.041631
0.026322
-0.004970
0.011961
0.027936
0.084492
0.086384
-0.015730
-0.053840
0.080022
0.203809
0.146605
0.047117
0.071500
-0.064344
0.077326
0.172753
0.080234
-0.081688
0.035937
-0.053749
0.081357
0.101151
0.094299
-0.038570
0.024025
0.055514
-0.055369
0.053562
-0.025020
0.017295
0.011327
0.069143
0.065683
0.078592
0.027911
0.088162
0.130715
-0.017043
0.199396
0.090135
0.064636
0.101606
0.089949
-0.039952
0.036970
0.070010
0.033678
0.060438
0.042683
0.047296
0.017190
0.022853
0.140306
-0.163779
0.021084
0.075519
0.093274
-0.023440
0.105162
-0.032589
-0.021609
-0.004190
0.068558
-0.096431
0.108848
0.138107
0.135075
0.064500
-0.010593
0.067869
0.054448
0.023988
0.041372
-0.021735
0.042146
0.035678
0.107462
-0.050615
0.072030
0.009875
0.054132
-0.030997
0.112522
0.058946
0.120546
0.123583
0.038088
0.020960
0.113061
0.062948
0.101506
0.041355
-0.001214
0.033830
0.040786
0.057454
0.014086
0.094306
0.025432
0.105688
-0.005427
-0.049121
-0.002416
0.064410
0.135731
-0.018113
0.034285
0.040619
0.090722
-0.037441
0.106102
0.044909
0.046914
0.026006
0.029859
-0.042812
0.095544
0.050863
0.034432
-0.049448
0.001637
0.048541
0.021644
-0.016943
0.063086
0.030464
0.021344
0.124328
0.178515
0.240718
0.072550
0.052176
0.147773
0.050118
0.053413
-0.033408
0.124038
-0.006447
0.091751
-0.013591
-0.019569
0.015073
0.023052
-0.007324
0.009671
0.006656
-0.066686
-0.044762
-0.015306
-0.105926
0.057149
0.036068
0.061672
-0.012136
0.075691
0.043070
0.057563
0.043438
0.115339
-0.008778
0.138575
0.030649
0.011660
-0.053270
0.039508
0.027484
-0.012978
-0.035957
0.019328
-0.023216
-0.047510
0.008209
-0.058274
-0.095340
0.095019
0.043046
0.037904
-0.076099
0.093660
-0.096381
0.083816
0.014415
0.389567
0.050056
0.070118
0.131326
0.073688
0.022611
-0.092875
0.007266
-0.047807
-0.012345
-0.035878
0.001377
-0.028034
-0.083259
0.086726
0.074531
0.054087
0.168588
-0.023252
0.043327
0.058002
-0.066630
0.082362
0.027252
0.000865
-0.084287
0.040289
-0.077015
0.078944
-0.033546
0.052704
0.019300
-0.027014
-0.042190
0.035294
0.030380
-0.054451
0.000556
-0.023022
-0.058282
-0.000851
0.066503
0.025895
0.001150
0.021306
0.099580
0.121386
-0.134339
0.142513
0.089660
0.076541
0.035266
0.081659
-0.018632
0.021295
0.008172
-0.002047
0.037258
-0.007991
-0.005706
-0.022672
-0.106591
0.020414
-0.073100
0.081643
0.258786
0.033102
0.027865
0.105977
0.041607
0.090276
0.133141
-0.011011
0.036539
0.073808
-0.005454
0.012812
-0.081549
-0.046832
-0.050145
-0.023870
-0.016483
0.009344
-0.006508
-0.009643
-0.060827
0.009892
-0.063382
-0.031838
0.034338
0.072414
0.098968
0.076996
0.038219
0.111093
0.052727
0.058656
0.092513
0.067467
0.089279
0.095029
-0.054549
-0.039028
0.006486
-0.053621
0.036493
0.031889
0.006748
-0.037434
0.070016
0.005267
-0.063951
0.002552
0.105959
0.110421
0.054185
0.099725
0.079304
0.094316
0.138564
0.143775
0.029992
0.064488
0.146936
0.199361
-0.106733
-0.039631
0.003983
0.020276
-0.006039
0.027410
0.055762
0.018185
-0.041227
-0.027827
0.031688
0.008194
-0.026383
-0.003755
0.130780
0.138188
0.106149
-0.010398
0.049738
0.087100
0.110938
0.080212
0.008877
0.049287
-0.063415
-0.038187
-0.012484
0.028795
-0.119852
0.054834
0.009344
-0.082044
0.043803
-0.009108
0.019792
0.001828
0.029969
0.022477
0.149646
0.075047
0.127297
0.070930
0.117186
0.074467
0.148964
0.130967
0.087492
-0.053806
-0.078327
-0.060572
0.010892
-0.026359
-0.042215
0.006748
-0.009589
-0.016049
0.071775
-0.078384
0.054133
-0.070496
0.141924
0.064439
0.138089
0.067098
0.122894
0.141912
0.077715
0.107499
0.070588
0.043252
0.127391
0.032314
-0.070371
-0.024692
0.030149
-0.058436
-0.079469
0.050545
-0.058214
-0.011213
0.056063
-0.153746
-0.058847
-0.097362
0.086762
0.091905
0.090270
0.086888
0.165370
0.156314
0.016353
0.090354
0.105545
0.056890
0.126611
0.009848
-0.043229
0.061213
-0.029151
0.110275
0.025837
-0.056215
0.030609
0.031839
-0.041524
0.024760
0.060963
0.070558
0.151428
0.025487
0.043221
0.142355
0.026589
0.052047
0.020190
0.073933
0.053459
0.049068
0.072403
0.128563
0.063379
-0.001836
-0.102524
-0.039649
-0.036137
-0.009609
0.010132
-0.029628
0.043091
-0.030575
0.093607
-0.013918
0.118646
0.032036
0.090780
0.042202
0.078985
0.123672
0.018219
0.027535
0.052944
0.044909
0.014125
0.141694
0.020358
-0.014788
-0.039259
-0.045710
-0.070769
0.111456
-0.012597
-0.003195
-0.026237
0.046858
0.060144
0.017253
0.023158
0.040906
0.078470
0.216963
0.066272
0.030318
0.079820
0.012787
0.093558
0.054109
0.074475
0.144561
0.005673
-0.016756
-0.010640
-0.053546
0.001907
-0.075225
-0.079552
0.017362
-0.076334
-0.027639
-0.028561
-0.010509
0.046810
0.163487
-0.016769
0.019710
0.078698
0.090890
0.100913
0.023834
0.073943
0.044549
0.097118
0.053763
-0.033245
0.004341
0.003366
-0.016578
-0.060735
0.017761
0.127982
-0.046098
-0.038847
-0.024025
0.027351
-0.076106
-0.031268
0.080593
0.076004
0.072749
0.013063
0.024360
-0.189012
0.004006
0.042152
-0.022117
0.090414
0.046699
0.022017
-0.073254
-0.088314
0.034290
-0.045767
-0.055697
-0.028016
-0.090241
0.045968
-0.079296
0.071327
-0.127779
0.058916
0.017006
0.090067
0.126439
0.048738
0.102084
0.024659
0.136334
0.085127
0.035029
0.076138
0.050560
0.166966
-0.025222
-0.029198
-0.015045
-0.006139
-0.024535
-0.005087
0.039348
0.004109
0.075763
0.019430
0.036845
0.035971
-0.000034
0.042370
0.000979
0.176452
0.036811
0.075514
0.030986
0.092984
0.068763
0.014373
0.040316
-0.087716
-0.036136
-0.064423
-0.037432
-0.048485
-0.037416
0.035221
-0.042284
0.013507
-0.027452
-0.052450
-0.074095
0.106975
0.021964
0.065383
0.104632
0.024464
0.088195
0.071695
0.015256
0.051558
-0.062176
0.038898
0.084102
-0.007556
-0.068285
-0.041042
-0.026884
0.013124
-0.044209
0.030219
-0.053901
0.020714
0.018677
0.049767
-0.076537
0.043039
0.115600
-0.015836
0.035688
0.087088
0.096480
-0.041995
0.044474
0.115017
0.098375
0.042494
0.077435
-0.009964
-0.087032
-0.061867
-0.022720
-0.033306
-0.035673
-0.016615
-0.062168
0.007080
-0.033379
0.037162
0.021412
0.109378
0.027282
0.076679
-0.014215
0.053300
0.082333
0.002096
-0.006604
0.032740
0.036557
0.074853
0.009829
-0.073276
-0.038120
-0.089603
-0.059332
-0.102688
-0.043017
-0.019586
-0.019211
-0.153494
-0.084473
-0.067882
-0.100199
0.044532
0.075354
0.148262
0.060645
0.139529
0.026599
0.031266
0.063971
0.089278
0.082726
0.061179
0.000248
-0.017200
0.089253
0.064402
0.068112
-0.035110
-0.035776
-0.047318
-0.033528
-0.091833
-0.039946
0.036661
-0.045712
-0.021687
0.095114
0.133962
0.076816
0.017222
0.080655
0.109703
0.046463
0.009487
0.031894
0.053298
-0.016251
-0.092709
-0.006256
0.003842
0.018566
-0.072562
-0.017803
-0.031956
-0.045331
0.006683
-0.159042
0.033466
-0.110352
0.083543
0.112243
0.160746
0.098783
0.088203
-0.003503
0.097768
0.012667
0.098463
0.039840
0.110400
0.083966
0.078287
0.000975
0.055452
0.029954
-0.003707
-0.070912
0.069789
0.040801
-0.011858
0.054819
0.086277
-0.055317
0.206511
0.085977
0.089184
0.115020
0.099794
0.031129
0.076357
0.027239
0.023761
0.042607
0.105856
-0.017397
-0.050069
-0.047334
-0.044609
-0.083768
-0.085653
-0.067209
-0.064892
-0.087923
-0.017293
0.013705
-0.154442
-0.028304
0.105746
-0.023247
0.062808
0.050446
0.061073
0.053395
0.070590
0.051281
0.066715
-0.023176
0.044496
0.069685
-0.032512
-0.009587
-0.033474
0.018745
0.012515
-0.155971
0.004653
-0.027537
-0.052301
-0.084136
-0.037955
-0.063558
0.084072
0.020344
0.041468
0.068467
0.058726
0.029365
0.067446
0.082820
0.088858
0.064220
0.074381
0.156412
-0.044723
-0.037356
-0.063405
-0.046392
-0.174188
-0.030346
0.047358
-0.019916
-0.003397
-0.087185
-0.054907
-0.037404
0.018204
0.077729
-0.025400
-0.037069
0.049108
0.120607
-0.011074
0.146115
0.091760
0.070281
0.091882
0.112011
-0.132682
-0.024031
0.026962
0.026099
0.003946
0.015470
0.034985
0.000736
-0.099023
-0.078054
0.014791
-0.034001
0.034910
0.003984
0.057503
0.025742
-0.004805
0.093828
-0.016242
0.074087
0.100895
0.017867
0.065132
0.073446
-0.018072
-0.061623
-0.066451
-0.058363
-0.075334
-0.047289
-0.017393
-0.071650
-0.048062
-0.070900
0.046123
-0.156936
0.085635
0.083905
0.133006
0.006004
0.054629
0.079781
0.048539
-0.111078
0.125946
-0.039944
-0.029321
0.061578
-0.064494
-0.150732
-0.009718
-0.079815
-0.042227
-0.040281
-0.070900
-0.051518
0.087922
-0.126267
0.040353
-0.057797
0.074831
-0.002201
0.122069
0.096793
0.062156
0.036840
0.101142
0.018271
0.056046
0.117703
0.061737
0.057994
-0.018227
-0.123392
-0.068645
-0.078701
0.010359
-0.071095
-0.055246
-0.082167
-0.044913
-0.000203
0.024410
-0.043928
-0.053423
0.002562
0.049546
0.053931
-0.001760
0.007975
0.082151
0.057195
0.117509
0.078771
0.080982
0.104797
-0.067006
-0.036035
-0.008522
0.030251
-0.019948
-0.116427
-0.059846
0.048672
0.066944
-0.030172
-0.020529
-0.051663
0.059738
0.055457
0.047910
0.069365
-0.007799
0.048539
0.046364
0.159184
-0.003911
-0.010006
0.110114
0.055867
-0.055476
-0.078031
-0.019458
-0.032665
-0.085573
-0.057294
-0.031070
-0.219862
-0.022083
-0.026428
-0.045253
-0.029646
0.092960
0.018498
0.005176
0.036185
0.051524
0.019130
0.032148
0.024274
0.044589
0.132818
0.087859
-0.001525
0.002320
-0.032236
-0.055492
-0.047595
-0.017105
-0.029107
-0.069275
-0.030380
0.000728
0.063543
-0.002681
-0.063468
0.110977
0.034431
0.011862
0.067842
0.057677
-0.047536
-0.037478
0.070756
0.044189
0.006809
-0.002263
0.028227
0.021798
-0.038557
-0.016463
-0.089631
0.035830
0.028298
0.014299
-0.111736
-0.049045
0.011647
0.014054
0.017546
0.162314
0.046182
0.045397
0.063821
0.131137
0.010828
0.065155
0.202112
-0.091907
0.058419
0.096031
-0.014771
-0.155805
-0.021296
0.076664
-0.023708
0.074555
-0.076336
0.068071
-0.084615
0.019447
-0.065848
0.006109
-0.013440
0.022680
-0.083693
-0.055574
0.022084
0.063097
-0.060432
-0.012521
0.018379
0.116990
0.020615
0.074310
0.026811
0.042301
-0.151691
-0.039935
-0.108350
-0.069360
-0.184938
-0.025943
-0.058549
0.048014
-0.071362
0.001416
-0.107927
0.015446
0.011222
-0.047930
0.117178
0.062247
0.039550
0.077116
-0.025294
0.014672
0.018437
0.116525
0.047026
-0.066828
-0.058967
-0.058053
-0.123450
-0.053814
-0.047919
-0.064053
-0.065901
-0.050853
-0.015559
-0.032773
-0.073545
-0.006108
-0.026520
0.053909
0.005588
0.068263
0.042801
0.088799
0.082820
0.102633
0.066594
0.091857
0.043003
-0.042525
-0.088470
-0.070817
-0.074279
0.011914
0.008174
-0.100112
-0.051390
-0.101474
-0.006622
-0.043845
-0.101399
-0.010195
-0.015328
0.070982
0.077316
0.053564
-0.010860
0.078486
0.024013
0.017102
-0.029993
-0.020250
-0.020758
-0.077335
-0.059383
-0.048937
-0.094699
-0.010181
-0.096448
-0.002379
-0.077139
-0.026784
-0.032552
0.050780
-0.046198
0.018408
0.010576
-0.047335
0.072892
0.023740
0.031609
0.084663
0.040015
-0.012093
0.013536
0.093195
0.006150
-0.042874
-0.021588
0.007740
0.113276
-0.002076
-0.044770
-0.028220
-0.065201
0.046005
-0.076745
-0.110064
-0.045036
0.046827
0.006700
0.086268
0.012264
0.050374
0.056834
-0.023514
0.093289
0.043323
0.063406
0.005275
-0.014933
-0.140546
0.037316
0.027820
-0.046005
-0.108535
-0.034954
0.028954
-0.013018
-0.112239
-0.094737
0.002586
-0.034267
0.090496
-0.003759
0.123555
0.064619
0.187572
0.064540
0.061404
0.102723
0.043982
0.028898
0.068405
0.020149
-0.021713
0.026825
0.018132
0.000935
0.032498
-0.026368
-0.016264
-0.060798
-0.047836
-0.087712
-0.015306
-0.096976
0.041820
0.035035
0.065829
0.067727
0.088894
0.039967
0.033640
-0.012082
0.004570
-0.017451
0.051544
0.022467
0.021315
-0.088191
0.051312
0.055605
0.049856
-0.058217
-0.046809
-0.024813
-0.070572
-0.038354
-0.041951
-0.109436
-0.069475
0.000983
0.011612
0.095907
0.067555
0.087121
0.121288
0.002573
0.110514
0.031273
0.055042
0.026893
-0.108695
-0.050816
0.009218
-0.021704
0.010169
-0.049309
-0.106469
-0.056921
0.012039
-0.037112
-0.084148
-0.058563
0.050539
-0.004727
0.118151
0.026282
0.138627
0.019281
0.085890
0.030330
0.059133
0.003426
0.095310
0.033595
0.004804
0.063984
-0.021707
-0.048041
-0.019019
-0.019986
-0.055987
-0.020587
-0.044657
0.044776
-0.063994
-0.032014
0.105263
0.102860
0.037355
0.080324
0.052043
0.033130
0.099949
0.035344
0.097243
0.074290
0.053149
0.011927
0.049544
-0.021796
-0.092907
-0.024647
-0.036752
-0.028849
-0.088765
-0.074131
0.007951
-0.005569
0.014873
-0.003441
0.086728
0.093948
0.098313
0.004900
0.084467
0.077186
-0.050202
0.045459
0.213508
0.013961
0.098034
-0.052856
0.024038
-0.163464
-0.083331
-0.091631
-0.025204
-0.005403
-0.045174
-0.066635
-0.013281
-0.050222
-0.048179
-0.052479
-0.080030
-0.028472
0.014530
-0.032820
0.052270
0.035155
-0.019947
0.038164
0.050145
0.047338
0.038281
-0.043212
0.003137
-0.027373
-0.085075
-0.030183
-0.046871
-0.075991
-0.019115
-0.005349
0.012858
-0.084170
-0.055058
-0.075371
0.055312
0.058625
0.082270
-0.075736
0.133442
0.043228
0.071404
0.005871
0.106201
-0.102181
0.079703
-0.004540
0.020756
-0.065245
-0.004382
-0.053583
-0.048339
-0.010363
-0.072517
-0.050405
0.007912
-0.046627
0.010068
-0.083741
0.093568
0.005593
0.060425
0.030412
-0.009017
0.053791
0.111997
-0.007035
0.027277
-0.073404
0.084395
-0.102979
0.131229
0.061859
-0.049295
-0.103348
0.005798
-0.109657
-0.035611
-0.037486
-0.033595
-0.080895
-0.014807
-0.017059
0.027157
0.025902
0.050653
0.087128
0.053969
0.011348
0.138131
-0.018924
0.104399
-0.035980
0.078917
0.013233
0.026399
-0.059060
-0.019683
0.023507
0.002190
0.009735
-0.079690
-0.001672
-0.037181
0.029245
-0.101470
-0.012499
0.097573
-0.027395
0.046135
0.020408
0.081864
0.095987
0.056509
0.045067
0.133944
0.025688
0.064410
0.064967
-0.148555
-0.051627
0.032971
-0.020770
-0.103679
-0.044968
-0.072035
0.004669
0.010400
0.013926
-0.010948
0.055303
0.054197
0.009697
0.154954
0.120822
0.132323
0.139785
0.078833
0.162934
0.100641
0.147143
0.055021
0.096787
0.017516
-0.036880
-0.020672
0.008268
0.032595
-0.042136
0.060746
-0.003595
-0.057714
-0.074694
-0.069460
0.039454
0.136116
0.085828
0.021441
0.024431
0.115901
0.064803
0.125214
0.030334
0.084150
0.142036
0.049245
0.054636
-0.043881
-0.004560
-0.094987
0.089752
0.037200
0.009677
0.016558
-0.004294
-0.003343
-0.035484
0.036939
-0.022900
0.097822
0.155362
0.041858
0.038425
0.112857
-0.002679
0.082033
0.094009
0.190752
0.093141
0.171608
0.034288
-0.016206
-0.028251
-0.082948
0.015451
0.024825
0.055728
0.000230
-0.053282
-0.018810
-0.113942
-0.011283
-0.018619
0.028895
0.063107
0.052345
0.104565
0.097252
0.041199
0.076728
0.035259
0.070823
0.047260
0.040889
0.051738
0.006071
-0.002629
0.085292
0.082642
0.043855
-0.047899
-0.068068
-0.092914
-0.049260
-0.101213
0.084290
-0.046054
0.043119
0.093304
0.071294
0.041425
-0.010690
0.037054
0.122582
0.025550
0.008938
0.095883
0.119916
0.038474
0.051780
-0.045438
-0.021829
-0.028068
0.036744
-0.128203
-0.027216
-0.087439
0.158107
-0.082475
0.002575
-0.107985
0.009659
-0.012307
0.021361
0.102989
0.079487
0.053103
0.107666
0.033175
0.123800
0.075150
0.089545
0.086545
-0.031752
-0.000835
-0.080116
-0.016051
0.008146
-0.036871
-0.053567
-0.072141
-0.048426
-0.051000
-0.003929
-0.034445
0.105445
0.052522
0.116880
0.026407
0.097589
0.020067
0.166234
0.035283
0.098736
0.089731
0.076778
0.059707
0.042183
-0.017260
-0.020973
0.010342
0.013228
-0.070147
0.016074
0.027710
-0.052973
-0.020653
-0.042889
-0.066091
0.009216
0.016562
-0.021135
0.096018
-0.011529
-0.077480
0.104205
0.013890
0.058261
0.101842
0.087367
0.051630
-0.063158
-0.046134
0.022542
-0.054806
-0.019474
-0.039195
-0.028767
-0.028282
-0.055349
-0.093549
-0.039632
-0.063008
0.166658
-0.006272
0.032422
0.006238
0.073494
0.033927
0.059655
0.016112
0.026088
0.020493
0.008872
-0.044455
-0.101034
-0.052250
-0.058677
-0.064163
0.006674
-0.060181
-0.089640
-0.033265
-0.063063
-0.063633
-0.010079
0.049388
0.137936
0.054261
-0.032817
0.086989
0.148982
0.059354
0.060611
0.087596
0.034644
-0.017700
0.031381
0.025561
-0.005240
-0.004817
0.031827
-0.011670
-0.007832
-0.020625
0.028848
-0.087175
-0.001900
-0.048339
-0.057805
-0.043170
0.095966
0.041939
0.048053
0.034544
0.117818
0.051846
0.069448
0.094748
0.085866
0.013431
0.053707
-0.100705
0.005015
-0.107360
0.041374
-0.127968
0.032372
-0.053631
0.033556
-0.148115
0.019440
-0.080005
-0.043778
0.039250
0.078000
-0.035592
-0.006884
0.055497
0.013696
-0.121910
0.116049
-0.011169
-0.049120
0.051711
-0.049555
-0.058837
-0.008859
-0.040430
-0.043065
-0.101335
-0.004044
-0.107416
-0.030824
-0.196686
0.050829
-0.174340
0.051877
-0.071299
0.019671
-0.070859
0.061398
0.026756
-0.063540
-0.002124
0.053291
0.004244
0.071068
0.008562
0.003386
0.022850
0.060854
-0.106870
-0.061334
-0.063990
0.004696
-0.089679
-0.019393
-0.031518
-0.003734
-0.016752
0.003902
-0.081485
0.119854
0.026962
0.030692
0.083062
0.002604
0.053306
0.039533
-0.050083
-0.003662
0.001715
0.135786
0.027793
-0.067559
-0.037265
-0.002821
0.018669
-0.025733
-0.053711
-0.030493
-0.027093
-0.113994
-0.059304
-0.128129
0.031483
0.040236
-0.057717
-0.025984
0.085228
0.021513
0.081912
0.029386
0.086195
0.045010
0.042911
0.045394
0.017937
-0.023440
-0.103827
-0.006516
-0.095731
0.009711
-0.054263
-0.122180
-0.052649
-0.034546
-0.025734
0.032238
0.005018
-0.037792
-0.068109
0.021114
0.016357
0.016244
-0.103799
0.016692
0.117361
-0.038908
0.039864
0.051526
0.057352
-0.101751
-0.018007
-0.021186
-0.088714
-0.038687
-0.108477
-0.021523
-0.002362
0.074000
-0.092961
-0.014091
-0.070995
0.030177
-0.021111
-0.005667
-0.041294
0.001850
0.024409
0.027702
-0.013763
0.304894
-0.066437
0.044300
0.033627
0.013808
-0.071246
-0.078454
-0.017377
-0.128124
-0.060696
0.027241
-0.054421
0.072824
-0.027027
0.069972
-0.018013
0.045314
0.095261
0.053739
0.007483
0.019725
0.032530
0.045817
0.089768
0.104846
-0.043379
0.025763
0.068574
-0.014841
-0.031364
-0.033813
-0.067300
0.008721
-0.071287
0.028568
0.019005
-0.029934
-0.017825
-0.001125
-0.067480
-0.073781
-0.064027
0.063400
0.079197
0.049854
-0.013426
-0.005389
0.042643
0.010264
0.046979
0.064155
0.005032
-0.056029
0.081143
-0.078696
-0.099001
-0.049708
-0.139025
0.010813
0.036464
0.039637
0.014640
-0.031286
-0.090089
0.022981
-0.009167
-0.052484
-0.036019
0.080248
0.078702
-0.021810
0.030809
0.028917
0.032122
0.071341
0.031601
-0.031192
-0.101828
-0.074441
-0.048847
-0.060858
-0.035880
-0.080106
-0.049469
0.273930
-0.059109
-0.030892
-0.057720
0.067929
-0.059278
0.101561
0.062594
0.061629
0.175492
0.016014
0.093639
0.031365
-0.006540
0.039434
-0.007394
-0.175783
0.046832
-0.061545
0.036939
-0.118348
-0.118272
-0.163465
-0.069074
-0.047733
0.023290
-0.129526
-0.081365
0.109972
-0.039527
0.091349
0.071261
-0.053535
0.038675
0.028578
0.066364
0.028584
0.040149
0.102030
0.077551
0.041215
0.022977
-0.049872
-0.053128
-0.077232
-0.043312
0.004124
-0.027945
-0.070353
-0.019498
-0.017072
-0.049495
0.004316
-0.037932
0.015448
0.047291
0.045973
0.011058
-0.017397
0.057708
-0.002918
0.029407
0.014401
0.017790
-0.052020
0.008791
-0.113788
-0.043245
-0.057994
-0.064822
0.015731
-0.067930
-0.057557
-0.037292
-0.073191
-0.133993
0.080026
-0.049429
0.083119
-0.117561
0.101278
0.113820
0.030267
0.027852
0.055488
0.046076
-0.062352
0.002723
-0.045795
-0.078245
0.047978
-0.110824
-0.079191
-0.031166
-0.080581
-0.074241
-0.001321
-0.139758
-0.115369
-0.027650
0.030013
0.074999
0.041482
0.026893
0.068732
-0.097864
0.013512
-0.124596
-0.049252
0.063701
0.054327
0.079752
-0.043865
0.006764
-0.008519
-0.014760
-0.043029
-0.014085
0.078675
-0.047567
0.014975
-0.107698
0.103339
-0.088845
0.092048
0.049138
0.032788
-0.051351
0.037585
-0.038579
-0.042490
0.021238
0.079322
0.036585
0.042839
-0.056240
-0.152542
-0.118781
-0.041771
-0.050449
-0.046848
-0.101375
-0.047335
-0.069772
-0.048359
-0.084168
0.024509
-0.102414
-0.004234
0.013083
-0.003382
0.059380
0.026812
-0.059534
0.028909
0.004559
0.027512
0.075585
0.047299
-0.024548
-0.108972
-0.011604
-0.018104
-0.016941
-0.083123
-0.119454
-0.004641
-0.073304
-0.082130
-0.073724
-0.017021
-0.048349
0.062809
0.021187
0.047787
-0.076646
0.078354
0.050840
0.120492
0.033745
0.047082
0.038474
0.097385
-0.027732
-0.033783
-0.008360
-0.080778
-0.073707
-0.102178
-0.084013
-0.162498
-0.078109
-0.104314
-0.070400
-0.029572
-0.106824
0.090823
0.056892
0.055455
0.036601
0.012461
0.054587
0.178739
0.014007
0.067543
0.030539
0.155889
-0.018957
-0.096630
0.162363
-0.035961
-0.021713
-0.064208
0.002559
-0.036505
-0.010974
-0.035143
-0.059964
-0.048001
-0.050891
0.093126
0.137159
0.016298
0.084561
0.067867
0.032469
0.085171
0.103721
0.174562
0.001642
0.067495
0.018807
-0.035578
0.010535
-0.016741
-0.052422
-0.066587
0.000807
-0.018123
0.031978
-0.043557
-0.021107
0.054570
-0.006673
0.075998
-0.017078
0.088047
-0.016787
0.039670
0.086657
0.068368
0.035237
0.055751
0.023221
0.036095
-0.050178
0.000809
-0.052438
0.035462
-0.092776
0.371394
-0.075532
-0.096772
-0.061855
-0.070463
-0.111562
-0.008393
-0.060703
0.053714
0.096722
0.038474
0.068558
0.043689
-0.029549
0.002306
0.004541
0.028360
0.017187
0.028496
-0.040884
-0.029512
-0.020297
-0.023077
0.032664
0.036843
-0.096248
0.057007
-0.047749
-0.052669
-0.103711
-0.021344
-0.037616
0.028887
0.003740
0.086266
0.017425
0.055113
-0.027124
0.059814
0.008715
-0.063527
0.023525
0.056462
-0.094202
-0.180235
0.013244
-0.095361
-0.090910
-0.018086
-0.064894
-0.094530
-0.067768
-0.088082
-0.035112
0.032773
0.053511
-0.031933
-0.022365
0.051357
0.112952
0.005628
0.036649
0.050448
0.039897
0.105621
0.100702
0.058893
0.025461
-0.004500
-0.102855
-0.042999
0.020750
-0.009206
-0.025755
-0.022453
0.131909
-0.034041
-0.039646
-0.072066
-0.026882
0.057508
0.076372
0.036913
0.078830
0.092179
-0.060598
0.055457
0.034723
0.094160
0.048265
0.053187
0.034584
-0.040377
-0.056361
-0.024352
-0.073610
-0.040976
-0.096328
-0.037060
-0.079221
-0.093829
-0.079447
-0.079398
-0.015218
0.055614
-0.016722
0.077834
0.038308
0.094236
0.015678
0.086401
0.047904
0.042356
0.011511
-0.000428
-0.068226
-0.049093
-0.075529
-0.008310
-0.075955
-0.075906
-0.059873
-0.090807
-0.115053
-0.079719
-0.075608
-0.043172
-0.124707
0.011036
0.011083
0.048042
0.009854
0.063132
-0.103071
0.081403
-0.012853
0.087797
0.010667
0.078039
0.111588
-0.096026
-0.041678
0.056609
-0.117498
-0.112764
0.176902
-0.036570
0.018213
0.000672
-0.050992
-0.105227
-0.021769
0.126286
-0.052187
0.242683
-0.022304
0.151622
-0.028844
-0.003551
0.082103
0.028823
0.073760
0.117206
0.009595
-0.136399
-0.086072
-0.031302
-0.082840
-0.056426
-0.045940
-0.116681
-0.154322
-0.148009
-0.042658
-0.059224
-0.028918
0.070462
0.082874
0.071604
0.061844
0.015882
0.020845
-0.066050
-0.004277
0.011245
-0.033858
-0.101493
0.052726
-0.057344
-0.059833
-0.037862
-0.019260
-0.196178
-0.034940
-0.065944
-0.045433
-0.060206
-0.068483
-0.237098
-0.151527
-0.044944
0.007295
0.101121
0.075349
-0.007771
0.077468
0.057780
0.072820
0.017170
0.009858
0.033012
0.035816
-0.093469
-0.162853
-0.120426
-0.052392
-0.088400
-0.137281
-0.111044
-0.181059
-0.043386
-0.232381
-0.061603
-0.174192
-0.036266
-0.008457
-0.035103
-0.024398
0.149840
0.040934
-0.007074
0.045475
0.038474
-0.045473
-0.043022
-0.061285
-0.030740
-0.083608
0.011251
-0.098990
-0.064233
-0.147581
-0.080658
-0.127296
-0.067118
-0.144801
-0.048833
-0.004043
-0.002661
0.115841
0.017749
0.030079
0.005174
0.030183
0.071335
-0.087151
-0.047057
0.000803
0.049534
0.042232
-0.048975
-0.074197
-0.112388
-0.081419
-0.055182
-0.055426
-0.036061
-0.115552
-0.040910
-0.069638
-0.033392
-0.136815
0.095101
-0.000863
-0.083550
0.010814
-0.008832
-0.012153
0.005347
-0.004412
-0.021554
0.081898
0.052692
0.065694
0.020451
-0.063955
-0.060991
-0.023118
-0.100014
-0.055853
0.094028
-0.057140
-0.026416
-0.016547
-0.030574
-0.061247
0.062537
0.071953
0.037520
-0.006022
0.116200
0.038474
0.010822
-0.001560
0.082468
0.047393
0.045663
0.001852
-0.144216
-0.110659
0.033764
-0.054070
-0.102144
-0.067531
-0.056078
-0.127557
-0.027767
-0.067965
-0.107788
-0.048374
0.092653
0.012064
0.109595
0.035469
0.055989
-0.061988
0.104497
0.049831
0.062072
-0.034927
0.082119
0.008092
0.009644
-0.100593
-0.093589
-0.113109
-0.053608
-0.106920
-0.015906
-0.045260
-0.058261
0.018857
-0.014266
0.001545
0.018952
0.087646
0.058608
0.044838
0.037974
-0.044434
0.010680
0.050024
-0.099328
-0.001876
0.143250
0.060858
-0.039118
-0.037353
-0.163603
-0.015244
-0.072676
-0.155822
-0.032014
-0.113970
-0.039383
-0.064039
-0.000042
-0.066690
0.038986
-0.012738
0.124580
-0.049909
-0.031772
0.059039
0.056731
0.036252
0.068315
0.028959
0.109099
0.058198
-0.035181
-0.128792
-0.052957
-0.031221
-0.050003
-0.078459
-0.056361
-0.117169
0.035221
-0.049718
-0.057175
-0.030229
0.003799
0.039933
0.092981
0.062868
0.020970
0.043051
0.032794
0.047396
0.052118
-0.002484
-0.012017
-0.019251
-0.100296
-0.092124
-0.158778
-0.063680
-0.009753
-0.013198
-0.021894
-0.101388
-0.107893
-0.064787
0.069450
-0.087490
-0.050226
0.061626
0.035053
-0.027662
0.085246
0.000727
0.000165
0.114485
0.039131
0.022176
-0.004450
-0.007643
-0.154490
-0.108719
-0.061748
-0.228157
-0.085366
-0.097208
-0.137021
-0.080781
-0.088373
-0.093055
-0.043024
-0.168086
0.043288
-0.021485
-0.005942
-0.011820
0.036471
0.008856
-0.013284
-0.053935
-0.008897
0.059813
0.085193
0.151744
-0.027833
-0.069271
-0.119835
-0.074640
0.016819
-0.100169
-0.090285
-0.146811
-0.058600
-0.029005
0.005924
-0.103632
-0.032123
-0.003858
-0.073885
-0.034157
0.044362
-0.003168
0.056971
-0.038567
-0.009695
-0.025991
0.015062
-0.034824
-0.057955
-0.018915
-0.094274
-0.096308
-0.139651
-0.077693
-0.115070
-0.082828
-0.194424
-0.179188
-0.088406
-0.173434
0.019088
0.038161
-0.021851
-0.090154
-0.038709
0.007320
-0.009198
0.053262
0.031594
-0.055000
-0.129988
-0.002589
-0.167012
-0.132842
-0.029402
0.050269
-0.088461
-0.043024
-0.070147
-0.058707
-0.098074
-0.122245
-0.059192
-0.147588
0.040635
-0.028472
0.054556
0.065329
-0.010936
0.025738
0.004696
-0.040707
-0.037851
0.031085
0.013600
0.052855
-0.052565
-0.053662
-0.075272
-0.093347
0.002399
-0.089085
-0.126262
-0.045222
-0.071460
-0.045173
0.104028
-0.124253
0.186564
-0.052903
-0.070777
0.001687
0.005106
0.038262
0.048013
0.003219
0.059557
-0.035273
-0.007963
-0.009667
-0.061919
-0.086464
-0.054933
-0.069083
-0.074798
-0.233910
-0.032486
-0.139851
-0.116673
-0.111981
0.041601
-0.146022
0.086938
-0.037246
0.056582
-0.020138
0.047495
0.064093
0.034196
0.077843
-0.004592
0.040687
0.087892
0.005661
-0.103810
-0.020132
-0.006081
-0.062196
-0.024660
-0.062474
0.030826
-0.078403
-0.082569
-0.018598
-0.051085
-0.066569
0.032629
0.006256
0.066022
-0.002496
-0.008102
0.034740
-0.024757
0.051599
-0.022778
0.007598
-0.005451
-0.030671
-0.163424
-0.110645
-0.057525
-0.017733
-0.040707
-0.056225
-0.070266
-0.114243
-0.064046
-0.050958
-0.001607
-0.098251
0.078155
-0.013297
0.031229
0.013216
0.048696
0.071589
0.035483
0.011740
0.073170
0.104403
0.133117
0.054448
-0.021284
-0.082026
-0.052727
-0.089349
-0.082576
-0.156318
-0.204280
-0.033012
-0.040082
-0.034098
-0.147089
0.013082
0.022371
0.023229
-0.052203
-0.005398
-0.014650
0.007514
0.042549
0.057770
0.091298
0.074664
0.030629
0.073355
-0.048277
0.039283
-0.021755
-0.065132
-0.107199
-0.059358
0.005051
-0.036170
-0.035428
0.002730
-0.156144
-0.027626
0.067782
0.064873
0.025837
0.056175
-0.000737
0.000393
0.039699
0.130583
0.072026
0.060886
0.035108
0.074637
-0.020031
-0.062269
-0.002661
-0.027901
-0.100292
-0.000905
-0.043184
-0.033804
-0.059188
-0.081917
-0.027963
-0.025147
0.056907
0.131816
-0.003283
0.026217
0.050404
0.015486
-0.008278
0.161175
-0.018116
-0.047970
0.014021
0.065234
-0.016114
-0.070483
-0.053752
-0.082028
-0.031175
-0.100871
-0.076308
-0.072606
-0.043216
-0.072666
-0.040655
-0.091344
-0.029331
-0.034435
-0.004520
0.013560
-0.027593
-0.038746
-0.144580
-0.030407
0.013083
0.057334
0.067013
-0.030647
-0.096524
-0.151598
-0.076718
-0.145873
-0.054955
-0.131416
-0.098759
-0.207973
-0.138164
-0.085520
-0.028222
-0.057627
0.009214
0.008523
0.035271
-0.030495
-0.045580
0.019765
0.058292
0.029746
-0.057751
0.021902
0.037375
0.049913
-0.074193
-0.044464
-0.105954
-0.095274
-0.089409
-0.089872
-0.063746
-0.067559
-0.124447
-0.042977
-0.124971
-0.070177
-0.002918
-0.077095
0.019999
0.081611
0.057820
-0.028648
0.040128
0.067334
0.007178
0.042280
0.023235
0.030926
-0.113168
-0.063268
0.000597
-0.101221
-0.039942
-0.039769
-0.148842
-0.003769
-0.043742
0.003553
-0.082976
-0.154425
0.085997
0.048552
-0.037296
-0.031775
0.064467
-0.009086
0.058108
0.103136
0.073806
0.066747
-0.065946
0.013562
-0.108937
-0.140611
-0.141255
-0.057442
-0.155965
-0.134142
-0.128555
-0.005681
-0.125640
-0.127529
-0.185041
-0.075319
-0.043458
0.064953
-0.035363
-0.044242
-0.082532
0.016986
-0.011756
-0.045159
0.059604
0.006290
-0.020503
0.039004
-0.036412
-0.057703
-0.074662
-0.058656
-0.079441
-0.125702
-0.110911
-0.126449
-0.104948
-0.126384
-0.119973
-0.130509
0.011066
-0.109768
-0.016970
0.038474
0.004799
0.032083
-0.050026
0.007066
-0.037197
-0.075810
0.022482
0.032226
-0.004832
-0.084219
-0.233081
-0.040618
-0.093127
-0.061764
-0.103741
-0.087803
-0.110712
-0.116195
-0.042762
-0.119964
0.003126
0.074827
0.022871
0.058404
-0.044611
0.035239
-0.008478
-0.112056
-0.037807
0.042710
-0.041736
0.033162
0.044711
-0.055844
-0.061177
-0.025346
-0.096544
-0.011197
-0.201930
-0.152031
-0.137252
-0.096640
-0.016269
-0.063671
0.001390
-0.061199
0.049799
-0.035312
-0.007218
0.135384
0.011859
-0.009238
-0.040657
0.015362
0.019158
-0.043298
-0.106555
-0.107198
-0.057902
-0.120990
0.018004
-0.147364
-0.034277
-0.120909
-0.063511
-0.110356
-0.105364
-0.168250
-0.071577
-0.108535
0.063408
0.025321
-0.053011
-0.087959
0.034778
-0.059515
-0.042362
-0.035053
-0.038343
0.011068
-0.016610
-0.069392
-0.038541
-0.105799
-0.048927
-0.067879
-0.083921
-0.068320
-0.128950
-0.080036
-0.013035
-0.043679
0.106486
0.011616
0.004544
0.060852
-0.043508
0.006188
0.188153
0.042372
0.112055
-0.000091
0.013846
-0.030085
-0.019132
-0.020137
0.046853
-0.044201
0.027825
0.041397
-0.074887
-0.098131
0.004029
-0.087863
-0.073724
-0.121933
0.021780
0.027390
0.067177
0.011965
-0.022136
-0.087699
-0.048591
0.013098
0.005821
0.023680
-0.014043
0.037097
0.023345
-0.129121
-0.132331
-0.034134
-0.074805
-0.081530
-0.193016
0.046588
-0.107155
-0.011026
0.028802
-0.034794
0.017517
-0.006835
-0.004818
0.001245
0.064834
0.064550
-0.031868
0.002315
0.003002
0.019489
-0.023919
-0.006702
-0.084371
-0.027289
-0.112793
-0.095850
-0.065412
-0.105788
-0.103864
0.037199
-0.164953
-0.051355
-0.077824
-0.028211
0.047032
0.100992
0.024496
0.129512
0.113606
0.014472
0.048003
-0.032023
0.102406
0.032496
-0.029743
0.048154
-0.149503
-0.029349
-0.068415
-0.069192
-0.118403
-0.066787
-0.183587
0.009689
-0.079152
-0.061954
-0.140410
-0.043524
-0.013241
0.079301
0.045321
0.039678
0.000851
0.022631
-0.010419
0.025174
0.020545
-0.050060
0.065971
0.021843
-0.052887
-0.116012
-0.097011
-0.067270
-0.014516
-0.037894
0.088868
-0.084289
-0.079471
0.036856
-0.043827
-0.117532
0.010077
0.020746
0.030093
0.081170
0.004831
-0.007241
0.029169
0.083895
0.015382
0.026361
0.052730
0.030333
-0.111616
-0.179419
-0.099441
-0.101773
-0.101949
-0.130474
-0.158826
-0.035832
-0.056459
-0.074916
-0.072051
-0.164460
0.002863
0.113811
-0.002610
0.034735
-0.005476
0.026078
0.011991
-0.044069
0.041797
0.017301
0.063537
-0.036428
-0.080060
-0.096438
-0.082128
-0.072878
-0.031446
-0.156573
-0.025632
-0.074686
-0.092091
-0.044751
-0.033134
-0.082954
0.025731
-0.045914
0.095645
0.009229
0.061086
0.046511
-0.034633
-0.053139
0.055194
-0.030747
0.079635
0.022574
-0.093258
0.038900
-0.040046
0.022983
-0.021862
-0.041064
-0.053896
-0.099230
-0.210261
0.066770
-0.038385
0.043353
0.048544
-0.026185
0.007146
0.011841
-0.010297
0.048694
-0.009046
-0.028941
0.079967
0.005345
0.042577
0.087460
-0.151107
-0.026592
-0.093474
-0.062908
-0.056729
-0.036662
-0.008471
-0.037297
-0.001067
-0.042916
-0.128559
-0.037358
0.224862
0.027838
0.004880
0.049768
0.059279
0.026681
0.047628
0.022583
0.111232
0.039835
0.042623
0.073785
0.005433
-0.040488
-0.057646
0.024157
-0.094726
-0.041091
0.010680
-0.127562
0.004248
-0.029835
0.066537
0.043215
-0.027698
-0.034928
-0.015655
0.025092
0.010058
0.080927
0.062414
0.004953
0.042222
0.069237
0.087830
-0.049420
-0.102013
-0.130260
-0.100410
-0.082116
-0.033663
-0.011724
-0.012229
-0.086022
-0.074055
-0.107654
-0.023482
-0.114618
0.078416
-0.005910
-0.024687
-0.011149
-0.096731
0.014884
0.059892
0.002241
-0.047656
0.002236
0.062007
0.031308
-0.051157
-0.053657
-0.089081
-0.012358
-0.150934
0.040499
-0.039416
-0.060227
-0.087295
-0.168282
-0.040215
-0.017012
-0.004477
-0.037062
-0.070876
-0.044035
0.036677
0.023852
0.022696
0.021649
0.043514
0.021419
0.094041
0.038951
-0.048676
-0.111107
-0.074697
-0.093698
-0.011984
-0.148735
-0.002233
-0.109000
-0.102196
-0.073189
-0.030947
-0.180856
0.063843
-0.015112
-0.069569
-0.067566
-0.014405
-0.035840
0.095457
0.024026
0.106162
-0.004921
0.064872
0.029397
0.020032
-0.080064
-0.074944
-0.009780
-0.088437
-0.075315
-0.081151
-0.081758
-0.057855
-0.061027
-0.054481
-0.080332
0.037077
-0.056533
-0.114687
-0.001849
0.036544
-0.095542
0.025983
0.045350
-0.035086
-0.017498
0.064222
-0.010296
-0.108927
-0.097310
-0.122004
-0.149665
-0.156391
0.004938
-0.135555
-0.056486
0.012749
0.002247
0.017382
0.120474
0.056615
0.032097
0.006575
0.042798
0.097889
-0.027083
-0.011826
-0.005261
0.044002
-0.000759
0.098025
0.104427
-0.013620
-0.112985
-0.062779
0.036567
-0.014930
-0.028009
-0.013005
-0.050620
-0.089225
0.028790
-0.105199
-0.057090
0.011216
0.028121
0.094415
0.042073
0.071547
0.002824
0.043046
0.015409
0.063110
0.104983
0.115552
0.018058
-0.047298
-0.036393
-0.119435
-0.029344
-0.060978
-0.022387
-0.132665
-0.016312
-0.125318
-0.038642
-0.092258
-0.055556
-0.029919
-0.039412
-0.011891
-0.055814
0.036628
0.086737
-0.050483
0.065250
-0.107460
-0.004927
0.020592
-0.009868
-0.084934
-0.005733
0.024001
-0.085932
-0.007683
-0.063700
-0.036430
-0.062504
-0.077643
-0.063250
-0.031820
-0.152681
0.006127
0.011641
0.062550
0.002521
-0.013809
0.014732
-0.092567
0.010995
0.009589
-0.006297
-0.011320
0.009486
-0.020057
-0.019953
0.013722
-0.083323
-0.099304
-0.070599
-0.091556
-0.082272
-0.051886
-0.033042
0.010963
-0.015993
0.008919
-0.049964
-0.001215
-0.029139
0.057314
0.077263
0.098747
0.064516
-0.020048
-0.035412
0.010208
0.028062
-0.083506
-0.033066
-0.159584
-0.185124
-0.123578
-0.134999
-0.131615
-0.111709
-0.104024
-0.135059
-0.120183
0.007375
-0.019517
-0.031000
-0.012008
-0.029641
0.004147
-0.013627
-0.004309
-0.010490
-0.072601
0.010106
0.025539
-0.173518
-0.159052
-0.100742
-0.039580
-0.058172
-0.017691
-0.100489
-0.029169
-0.072102
-0.077606
-0.001720
-0.077774
-0.064136
0.005443
-0.043536
-0.070139
0.079182
-0.061427
0.030599
0.047822
0.017525
-0.007984
0.096306
-0.048489
-0.020512
-0.145289
-0.043969
-0.073707
-0.059830
-0.109154
-0.122522
-0.022370
-0.091742
-0.155531
-0.087722
-0.165466
-0.113102
0.063824
0.009953
0.002592
0.013463
0.018015
-0.006301
-0.019586
0.023889
0.020788
-0.034429
-0.008717
0.018666
-0.135046
-0.150790
0.008130
-0.146563
-0.033891
-0.012541
0.006316
-0.076286
-0.117005
-0.074521
-0.117894
-0.113927
0.077784
0.018174
0.014203
0.000657
-0.037460
-0.020484
0.040186
0.110213
0.086975
-0.043388
0.034714
-0.025120
-0.084754
-0.057195
-0.099828
-0.071620
-0.062502
-0.074547
-0.081399
-0.091500
-0.105970
-0.039925
-0.072843
-0.113393
-0.028928
0.015218
-0.016850
0.033092
0.085424
0.019689
0.015711
0.004106
0.010836
0.026991
0.046555
0.003147
-0.049685
-0.089001
-0.098399
-0.050513
-0.138061
-0.013919
-0.011678
-0.082656
-0.136798
-0.046145
-0.024108
-0.084895
0.025387
0.004823
-0.024912
0.036060
-0.016418
0.035040
-0.083683
0.014886
0.045178
0.001527
0.033774
-0.045249
-0.076646
-0.079704
-0.015436
-0.128460
-0.071824
-0.015988
-0.035600
-0.130745
0.003105
-0.121663
-0.117064
-0.103253
-0.058732
-0.110873
0.129820
-0.017875
0.082678
0.006405
-0.030004
-0.009215
-0.006730
-0.017849
0.095992
-0.047028
-0.154849
-0.061338
-0.016409
-0.099363
-0.095898
-0.078987
-0.106475
-0.107222
0.384049
-0.114204
-0.168166
-0.133860
0.079379
-0.052838
0.013921
-0.029942
-0.047635
-0.055430
0.042133
-0.022595
0.048707
0.023831
0.092351
-0.025087
-0.073248
-0.036783
0.240303
-0.074372
-0.080818
-0.108583
-0.114747
-0.056621
-0.047197
-0.078509
-0.009207
0.003144
-0.025794
0.032096
0.056260
0.046723
0.053785
-0.006199
0.024077
0.040402
0.181402
-0.006255
0.016909
0.016231
-0.065581
-0.057966
-0.018482
-0.106976
-0.061532
-0.063150
-0.011503
-0.019259
-0.030805
-0.069824
-0.112630
-0.080875
0.080012
-0.009526
0.020746
0.030704
0.049755
0.021607
0.007172
-0.007425
-0.059177
0.050022
0.005311
-0.122342
-0.072962
-0.108901
-0.086626
-0.082440
-0.095111
-0.093720
-0.102726
-0.024589
-0.093951
-0.041680
-0.009548
-0.087147
-0.051702
-0.020529
-0.020627
-0.042708
0.081292
0.024983
0.037769
0.034248
0.064982
0.088955
0.012026
0.067515
-0.012005
-0.092544
-0.049736
-0.079390
-0.144207
-0.131438
-0.105505
-0.128238
-0.098599
-0.108140
-0.088852
-0.074692
-0.027343
0.034135
0.060751
-0.067470
0.061929
-0.001270
0.021712
-0.013002
0.050915
-0.001643
0.081439
0.044975
-0.092944
-0.038763
-0.077780
-0.030381
-0.072367
-0.072440
-0.138044
-0.098885
-0.107065
-0.185562
-0.112387
-0.197005
-0.039806
0.036158
0.055421
0.009772
0.024350
-0.093327
0.020542
0.020648
0.027719
0.026868
0.057272
-0.039399
0.182757
-0.289383
-0.013331
-0.064213
-0.091931
-0.081072
-0.092058
-0.089242
0.026374
-0.114592
-0.105885
-0.074691
-0.026710
0.029712
0.007070
-0.072676
-0.026888
-0.102855
0.026782
-0.000994
-0.097969
-0.055947
-0.024352
-0.072724
-0.108419
-0.125528
-0.048676
-0.055585
-0.059808
-0.158201
-0.198607
-0.080018
-0.036081
-0.168106
-0.014142
-0.111279
0.027229
0.057988
-0.061574
-0.008533
-0.055676
0.046351
0.046207
0.085830
0.054105
0.031526
-0.019704
-0.037246
-0.045656
-0.100191
-0.136912
-0.043941
-0.138127
-0.133121
-0.106022
-0.120993
-0.198039
-0.104000
-0.030969
-0.041560
-0.031616
0.003582
0.043133
0.051635
0.269431
-0.075469
0.037294
0.063969
-0.071718
0.019621
-0.067237
0.096567
-0.136287
-0.015112
-0.021774
-0.033853
-0.032305
-0.065638
-0.027454
-0.085309
-0.036307
-0.003206
-0.053533
-0.060365
-0.013503
-0.074495
-0.013637
-0.059400
-0.091309
-0.009225
0.034562
-0.015344
0.119657
0.013276
-0.036786
0.012391
-0.072821
-0.051668
-0.032042
-0.033979
-0.030700
-0.075630
-0.088763
-0.030290
-0.089734
-0.029018
-0.080008
-0.005696
-0.069759
0.029147
-0.100352
0.003064
0.019961
-0.002996
0.016418
0.039096
0.098611
-0.094324
0.079298
-0.107749
-0.131177
-0.063367
-0.047037
-0.134365
-0.016038
-0.053551
-0.063504
-0.029084
-0.045303
-0.050014
-0.061027
-0.051248
0.103251
0.023964
-0.055476
0.022096
0.027197
-0.001376
0.008702
0.025592
-0.057103
0.114253
0.025847
0.012219
-0.019981
0.018962
-0.125573
-0.114648
-0.099074
-0.119935
-0.087221
-0.051570
0.035842
0.012725
-0.104467
-0.053617
0.087791
-0.083197
-0.042371
-0.003233
0.007932
0.018952
-0.059681
-0.014917
-0.051969
-0.004974
0.028200
0.039727
-0.072216
-0.036724
-0.033615
-0.057167
-0.067340
-0.164424
-0.162239
-0.073404
-0.120101
-0.036548
0.030194
0.054562
-0.037371
-0.033234
0.055187
0.022605
0.044824
-0.021771
-0.051108
-0.047500
0.019009
-0.057597
-0.000001
-0.045590
-0.090342
-0.099914
-0.030093
-0.141410
-0.077979
-0.105002
-0.091585
-0.044300
-0.050141
-0.046968
-0.102380
-0.134047
-0.010717
-0.066686
-0.021901
-0.039601
0.062123
-0.110730
0.008007
-0.023353
-0.044781
0.030788
0.064744
0.082373
-0.068891
-0.100774
-0.028607
-0.126039
-0.117011
-0.126356
-0.142841
-0.075878
0.017103
-0.064203
-0.093805
-0.141111
-0.061837
0.034599
-0.013424
-0.028061
-0.006595
0.035401
-0.057318
0.021348
-0.057982
0.063724
0.003967
-0.088803
-0.102144
-0.081799
-0.125931
-0.179858
-0.150222
-0.039638
-0.167355
-0.071790
-0.065138
-0.043944
-0.035350
-0.081786
-0.002059
0.013135
-0.006915
-0.037527
0.002305
0.004586
-0.014477
-0.065635
0.025313
0.057188
-0.014594
-0.046926
-0.010274
-0.027629
-0.055272
-0.085684
-0.066457
0.001953
-0.050309
-0.094183
-0.010352
-0.013182
-0.015465
0.005899
0.033714
0.056031
-0.042220
0.025868
0.079489
0.125511
0.004297
0.044048
-0.129695
0.065016
0.007113
0.100601
-0.064162
0.097580
-0.151405
-0.011556
0.024338
-0.073308
0.022497
-0.100264
-0.040591
-0.025940
-0.047462
-0.120688
0.015795
0.015791
0.135713
-0.050032
-0.061834
-0.116559
-0.018919
0.035624
0.057663
-0.007625
0.100835
-0.005910
0.011454
0.056962
-0.054789
0.005214
-0.063335
0.009122
-0.118862
-0.021056
-0.079205
-0.010732
-0.005241
-0.030527
0.019431
-0.057429
0.038474
0.043342
0.084902
-0.004983
0.064552
0.104383
-0.021481
0.022769
0.104688
-0.253328
-0.080776
-0.053130
-0.037502
-0.072272
-0.141682
-0.005161
-0.133059
-0.085935
-0.121740
-0.036977
-0.072290
-0.127685
0.025313
-0.072436
0.046592
0.082103
-0.040707
-0.005522
0.006888
0.007972
0.013696
-0.014672
-0.034487
-0.050280
-0.080785
-0.080823
-0.165756
-0.014083
-0.095257
-0.148568
-0.037446
-0.123351
-0.079738
-0.159978
-0.095466
-0.141819
0.284228
-0.004510
0.048079
-0.093927
0.014737
0.075388
-0.017128
-0.050341
0.015108
-0.063486
-0.012977
-0.066346
-0.100612
-0.030129
-0.078870
-0.071117
-0.053159
-0.094682
-0.133535
-0.122497
-0.061528
-0.128726
-0.058921
-0.096947
0.103828
-0.130339
-0.002514
-0.018392
-0.003649
-0.079650
0.030855
0.157061
-0.088058
0.033615
-0.040052
0.010141
-0.043196
-0.045406
-0.040636
0.021139
-0.064577
-0.038789
-0.038285
-0.091613
-0.130521
-0.078732
-0.028572
-0.038969
0.032285
-0.106751
-0.075202
-0.072882
-0.037735
0.042805
0.114021
-0.041092
0.016424
-0.070746
-0.021159
-0.032621
-0.114004
-0.167412
-0.163801
-0.094133
-0.121029
-0.109077
-0.155346
-0.054179
0.047554
0.045378
-0.042728
-0.125729
0.051504
-0.046397
0.053563
0.063502
-0.009702
-0.018132
0.025808
-0.052779
0.054672
0.037496
0.073452
0.146140
-0.080382
-0.065892
-0.012678
-0.146328
-0.019788
-0.093003
-0.053963
-0.126039
-0.043241
0.038387
-0.099053
0.156963
0.162046
0.010027
-0.042836
0.081670
0.074007
0.051879
-0.000121
0.047383
0.040456
0.009784
0.135384
-0.002073
-0.049296
-0.065510
-0.059013
-0.033586
-0.046880
-0.039681
-0.144132
-0.046108
-0.110754
-0.006616
-0.050853
-0.033078
0.098749
0.018200
-0.013807
-0.076056
-0.070169
-0.065530
0.004561
0.010330
0.059315
-0.005294
-0.018853
0.075476
-0.025477
-0.040207
-0.127820
0.021521
-0.034730
-0.149419
-0.043251
-0.019034
-0.066343
0.001407
0.038996
-0.093888
-0.143093
0.118214
0.004991
-0.000155
-0.023088
0.018594
-0.021774
-0.057819
-0.012846
-0.009595
-0.001316
-0.146957
-0.057951
-0.125630
-0.112054
-0.064691
-0.049483
-0.102890
-0.188729
-0.056095
0.023507
-0.030902
-0.046168
-0.128113
0.026376
0.028223
-0.011192
0.001440
-0.030146
0.030067
0.043382
-0.051442
0.053153
0.034569
0.005773
-0.012997
-0.097411
-0.102543
-0.068539
-0.007869
-0.094228
-0.080958
-0.096353
-0.116618
-0.070725
0.021410
-0.044245
-0.064201
-0.139060
0.007378
-0.002186
-0.041902
0.012847
0.001132
-0.050908
-0.021810
0.043433
-0.022080
-0.021509
-0.063257
-0.084328
-0.139169
-0.170296
-0.098817
-0.135640
-0.148052
-0.089630
-0.168802
-0.094252
-0.044674
-0.083445
-0.083169
-0.084294
-0.021103
-0.025205
-0.052198
0.044749
-0.066761
-0.049631
-0.094936
-0.030251
0.068913
0.082845
0.045145
-0.169452
-0.091028
-0.133289
-0.054049
-0.111089
-0.012644
-0.071575
-0.235577
-0.157545
-0.129788
-0.041847
-0.168233
-0.193189
0.043852
-0.045806
0.005051
-0.029951
-0.052585
-0.045357
0.018470
0.033789
-0.166850
0.054457
-0.055338
-0.076621
-0.060506
-0.085553
-0.109955
-0.068618
-0.077893
-0.073402
-0.106780
-0.098525
-0.101657
-0.064220
-0.050707
-0.058436
-0.011811
0.104731
-0.092282
-0.082161
-0.069474
-0.018953
-0.026604
0.049443
0.020465
-0.063628
0.001701
-0.038095
-0.034966
0.014213
-0.048341
0.030819
-0.073033
-0.029925
-0.115228
-0.052428
-0.036561
-0.096148
-0.050709
-0.059657
0.024486
-0.032481
-0.009163
0.004064
-0.041906
-0.059433
-0.036993
-0.118753
-0.100772
-0.047569
-0.083399
-0.087407
-0.111901
-0.029222
-0.101018
-0.038178
-0.015692
-0.058674
-0.046226
-0.122586
-0.034171
-0.152730
-0.106988
0.043948
-0.061228
0.004324
0.051530
-0.034917
0.019118
-0.009037
-0.061482
-0.021588
-0.085772
-0.068426
-0.056082
-0.050622
-0.040291
-0.020225
-0.048842
0.035480
-0.076053
-0.012764
-0.146320
-0.052429
-0.115402
-0.063697
-0.140358
0.038474
-0.008484
0.025522
-0.017399
-0.042649
-0.054867
-0.045187
-0.059462
-0.006366
0.028101
0.030715
-0.052095
-0.092159
-0.070697
-0.109412
-0.149861
-0.141439
-0.117904
-0.142035
-0.050911
0.126329
-0.131277
-0.152002
-0.213761
0.006653
0.031303
0.018580
-0.014687
-0.064631
0.087745
0.003194
0.135175
-0.000796
0.016286
0.013285
0.002254
0.032968
-0.061591
-0.065207
-0.096006
-0.107832
-0.083589
-0.085518
-0.041964
-0.041665
-0.075735
-0.150180
-0.083850
-0.021228
0.033204
-0.007051
0.027394
0.009137
0.053455
-0.113436
0.014020
-0.080663
0.016480
-0.011947
0.006790
-0.128918
-0.073234
-0.136804
-0.088112
-0.085762
-0.014379
-0.109369
0.159165
-0.060447
-0.013872
-0.055880
0.005201
0.009903
-0.074509
-0.036962
-0.000494
-0.001996
-0.000607
-0.016845
-0.049459
-0.054469
-0.035494
-0.107797
0.143637
-0.014596
-0.118627
-0.188029
-0.063845
-0.104566
-0.071076
-0.070124
-0.093380
-0.055354
-0.085743
-0.051870
-0.040188
-0.051830
-0.031306
-0.002475
0.011987
-0.077390
-0.054599
-0.051071
-0.042297
-0.006445
0.055999
-0.012867
0.006605
-0.079892
-0.071004
-0.126501
-0.087665
0.070905
-0.028358
-0.060973
-0.020486
-0.016365
-0.095504
-0.036018
-0.057180
-0.078839
-0.039571
-0.027217
0.010753
0.001868
-0.042692
-0.002001
-0.012872
-0.136532
0.005668
0.042467
0.035816
-0.030859
-0.104884
-0.025062
-0.084574
-0.185534
-0.071561
-0.116844
-0.099596
-0.091342
-0.049491
-0.115086
-0.073718
-0.052802
0.006357
-0.055873
-0.014267
-0.104103
-0.001664
0.007676
-0.005674
-0.008088
-0.042882
-0.041892
-0.048568
-0.057065
-0.142004
-0.098471
-0.084493
-0.107369
-0.137866
-0.057545
-0.066902
-0.068546
-0.092925
-0.118292
-0.126638
0.005292
0.008584
-0.012265
0.443439
-0.024860
0.035777
-0.027055
0.054611
0.104117
0.109711
-0.111681
-0.145170
-0.120740
-0.096530
-0.079371
-0.095752
-0.104702
-0.059577
-0.057313
-0.098568
-0.103514
-0.097299
-0.093392
-0.109720
0.002915
-0.118193
-0.032779
-0.012269
-0.072548
-0.002742
-0.076781
-0.053917
-0.082314
0.022400
-0.032633
-0.082023
-0.129997
-0.098550
-0.084062
-0.068761
-0.107259
-0.106245
-0.109827
-0.028986
-0.145747
-0.064265
-0.150020
0.151859
-0.015117
-0.016027
-0.093052
-0.008395
-0.016871
-0.047991
-0.033186
-0.111760
-0.103614
-0.079985
0.021784
-0.043196
-0.124729
-0.071857
-0.160226
-0.036252
-0.062619
-0.090242
-0.178377
-0.037037
-0.165744
-0.007792
-0.107461
-0.085124
0.188237
-0.056198
-0.114731
-0.016705
-0.004528
-0.098529
-0.104462
-0.010882
-0.019290
-0.052136
-0.062314
-0.030942
-0.064414
-0.048936
-0.147397
-0.122200
-0.172239
-0.044653
-0.110256
-0.055347
-0.200569
-0.096999
-0.127597
-0.079377
-0.107985
-0.042720
0.043049
-0.004782
-0.058594
-0.067813
-0.042415
-0.091416
-0.090620
-0.027977
-0.023444
-0.083133
-0.131046
-0.052518
0.141588
-0.093206
-0.051367
-0.072803
-0.208747
-0.089483
-0.132645
-0.021835
-0.066282
-0.110833
-0.038057
-0.104103
-0.019132
-0.034980
-0.058436
-0.074912
0.134180
-0.096197
-0.017362
-0.009982
-0.026905
-0.068312
-0.150918
-0.061008
-0.103882
-0.107051
-0.049601
-0.125059
-0.231009
-0.053535
-0.089812
-0.055464
-0.108638
-0.116056
-0.037751
-0.004797
0.087011
-0.010590
-0.015175
0.061778
-0.007795
0.044093
-0.003788
-0.013366
-0.022617
0.013155
-0.130511
-0.056851
-0.129095
-0.079597
-0.129972
0.033897
-0.113927
-0.072939
-0.067887
-0.120236
-0.058754
-0.102994
0.016025
0.212844
-0.071672
-0.121823
0.038474
-0.012922
-0.027136
0.046990
-0.035128
0.026419
0.029001
-0.029880
-0.087777
-0.153060
-0.125936
-0.100728
-0.126276
-0.011710
-0.090456
-0.045318
-0.067222
-0.046977
-0.112730
-0.136735
-0.106438
0.009698
0.071098
-0.012297
-0.068161
0.056777
-0.018621
0.003532
-0.095292
-0.049828
-0.082969
-0.077397
-0.044121
-0.061269
-0.016845
-0.095419
-0.093959
-0.074407
-0.123066
-0.032167
0.272678
-0.074778
-0.156203
-0.001242
-0.122012
-0.039276
0.069354
0.040181
-0.062233
-0.044280
0.035082
-0.013282
-0.020289
-0.080504
-0.000824
-0.068776
-0.232479
0.032109
-0.055245
-0.058539
-0.016075
-0.027758
-0.010789
-0.011098
-0.040299
-0.104303
-0.078736
0.036805
-0.037399
0.171874
0.009493
-0.040236
0.105853
0.083586
-0.114598
0.015398
-0.074861
0.028134
0.028806
0.045464
-0.101759
-0.086197
-0.118818
-0.014866
-0.082569
-0.046493
-0.055750
-0.117763
-0.034884
0.016354
-0.110217
-0.007948
0.031093
-0.040937
-0.018438
0.032500
-0.013244
0.008017
-0.126178
-0.020670
0.033577
0.057760
-0.016447
0.067476
-0.088009
-0.026001
-0.108536
0.033585
-0.062932
0.012582
-0.077452
-0.125233
-0.094226
-0.040674
-0.140127
0.081354
0.015120
-0.008450
-0.055285
0.049030
0.015900
-0.037009
-0.023087
0.027564
-0.033813
0.181897
0.029574
0.003096
-0.133076
-0.113998
-0.103396
-0.060135
-0.084385
0.049082
-0.162906
-0.132696
-0.124022
0.088659
-0.002860
-0.018179
-0.029148
0.001931
-0.182279
-0.068735
-0.048239
0.006336
-0.061057
-0.085150
-0.071199
0.001710
-0.007580
-0.042115
-0.079161
-0.068037
0.016227
-0.045155
-0.101218
-0.097910
-0.043791
-0.022593
-0.060541
0.080060
-0.178119
-0.085395
-0.051872
-0.009732
-0.029513
-0.014269
0.009326
-0.030739
0.012942
-0.010611
-0.042418
0.019463
-0.046194
0.035013
-0.074681
-0.110096
-0.097714
-0.100831
-0.093458
-0.052135
-0.025281
0.048018
-0.133410
-0.101368
-0.031120
-0.121196
-0.136195
-0.082783
0.050991
-0.095788
0.015990
-0.048630
-0.111931
-0.025390
-0.030814
-0.040001
0.016251
0.002341
-0.090693
-0.000900
-0.092571
0.027891
-0.083460
-0.123245
-0.134594
-0.128398
-0.117756
-0.090716
-0.131101
-0.113506
-0.073840
0.009209
-0.000940
0.025021
-0.016731
-0.043226
-0.047885
-0.005234
-0.069418
-0.004514
-0.081001
0.019600
-0.095600
-0.102196
-0.073103
-0.044831
-0.191667
-0.157580
-0.012779
-0.062240
-0.076577
-0.078817
-0.064051
-0.106359
-0.128648
0.021225
-0.070788
0.043645
-0.012929
0.003139
-0.099946
-0.017676
-0.045358
-0.088858
-0.074405
0.109327
-0.306461
-0.086221
-0.108287
-0.082224
-0.053781
0.127095
-0.046869
-0.020211
-0.137499
-0.060832
-0.109617
-0.056484
0.000878
0.009357
-0.033962
0.030170
-0.047861
0.099063
-0.015507
-0.010268
-0.102093
-0.030121
-0.020145
0.030888
-0.107559
-0.030642
-0.079109
-0.055663
-0.062008
-0.094215
-0.129007
-0.104916
-0.075939
-0.093003
0.018665
-0.088349
-0.014168
0.000443
0.001299
0.024332
-0.088466
0.024717
-0.091582
-0.048992
-0.161440
-0.024273
-0.010038
-0.043585
-0.045839
-0.057458
-0.089484
-0.029620
-0.125071
-0.146880
-0.032756
-0.067581
-0.040091
-0.062290
-0.032666
-0.052880
-0.054869
-0.002074
0.017240
-0.017184
0.005981
-0.039753
-0.068510
-0.035921
0.091131
-0.117207
-0.184303
-0.081341
-0.092608
-0.130815
-0.052746
-0.066834
-0.076273
-0.073183
0.004383
-0.027489
-0.116635
-0.109924
-0.145548
-0.053273
0.034167
-0.032129
-0.119968
-0.007844
0.080321
-0.071200
-0.058862
-0.059020
-0.090454
-0.056885
-0.091138
-0.035715
-0.157667
-0.116001
-0.042253
-0.059299
-0.056652
0.000234
-0.047989
-0.178654
-0.095334
-0.188154
-0.144158
-0.059780
-0.028278
0.001680
0.164263
-0.032690
-0.037152
-0.013855
0.087397
0.027152
-0.097900
-0.040263
0.030202
-0.036159
-0.072214
-0.024411
-0.039609
-0.084105
-0.071469
-0.105937
-0.056629
-0.032392
-0.057921
0.048787
-0.068197
0.020729
-0.051002
-0.037740
0.106017
0.019805
-0.043499
0.055223
-0.128343
-0.013704
0.009993
0.034278
-0.029723
-0.048216
-0.046368
-0.013665
-0.061899
-0.057841
-0.048676
-0.049481
-0.103540
-0.054819
-0.031227
-0.021837
-0.114354
-0.018497
-0.099734
-0.029293
-0.047812
0.021868
-0.055407
-0.022612
-0.009019
0.098298
-0.084708
-0.023673
-0.122250
-0.051665
-0.241076
-0.043648
-0.141730
-0.024790
-0.092756
-0.036141
-0.117369
-0.118620
-0.055491
-0.074588
-0.029664
0.007186
0.040054
0.025379
0.062941
-0.052647
-0.188277
0.048155
0.000175
-0.007472
-0.094370
0.016867
0.044159
-0.013509
-0.057124
0.066550
-0.049459
-0.049060
-0.073095
0.020113
-0.097243
-0.048373
-0.087080
0.030121
0.038551
-0.049798
-0.075106
0.031926
0.005751
0.086981
0.029359
-0.141888
0.014107
-0.076262
-0.112069
-0.156588
0.061299
0.005173
-0.130506
-0.033187
0.037526
-0.066806
-0.092771
-0.051328
-0.122007
-0.063756
-0.093358
-0.097797
-0.043867
-0.088301
-0.185228
-0.020750
0.038151
0.020722
-0.011247
-0.033693
-0.069563
-0.104948
-0.045956
-0.008532
-0.008811
-0.041123
-0.023033
-0.045272
0.076844
-0.046247
0.072140
-0.010449
-0.157866
-0.081706
-0.112514
-0.080501
-0.175890
-0.111442
0.029828
0.035018
-0.025428
0.070323
0.063888
-0.073839
-0.035304
0.029477
0.012496
-0.013225
-0.066869
-0.010035
-0.025303
-0.058733
-0.053391
-0.071171
-0.027639
-0.113197
-0.152532
-0.127501
-0.125707
-0.065894
-0.078511
-0.058121
-0.064143
-0.033940
-0.087256
0.062860
-0.069090
-0.031772
-0.051422
0.028188
-0.001407
-0.041402
-0.038773
0.111120
-0.152165
-0.123527
0.016295
-0.112012
-0.048855
-0.007383
-0.178927
-0.032349
-0.021204
-0.115249
-0.112736
-0.168675
-0.037201
0.085640
-0.106096
-0.057105
-0.023639
-0.050467
0.030506
-0.012858
0.009037
-0.043820
-0.219125
-0.130758
-0.010547
0.021441
-0.074643
-0.084564
-0.076516
0.047841
-0.145724
-0.006108
-0.036817
0.027770
-0.159984
-0.102626
-0.073018
0.056977
-0.108845
-0.002698
-0.083494
0.066764
0.142318
-0.081006
-0.067278
-0.065863
0.044064
-0.062208
-0.173500
-0.123747
-0.129971
-0.109075
-0.128473
0.012433
0.031007
-0.036040
-0.167429
0.002341
-0.091073
-0.021066
0.012377
-0.092032
-0.047699
-0.031026
-0.109951
0.122782
0.063755
-0.007556
-0.066801
-0.057111
-0.077894
-0.043551
-0.047825
-0.001567
-0.094352
-0.089441
-0.140774
-0.006010
-0.144475
-0.000857
-0.058962
0.065574
0.062687
-0.008559
-0.032602
-0.036544
-0.008502
-0.028553
-0.019517
0.041601
0.009071
-0.033455
-0.104193
-0.000122
0.002941
0.000200
-0.085624
-0.120583
-0.103969
0.036276
-0.065638
-0.093667
-0.095245
-0.095829
-0.057943
0.062893
-0.236974
0.074667
0.026938
-0.021694
0.039030
0.010955
-0.063711
-0.000953
-0.005887
-0.025252
-0.091224
-0.031939
-0.079586
-0.012096
-0.153318
-0.062129
-0.029750
-0.043868
-0.131793
-0.096141
-0.115487
-0.021635
-0.083174
-0.075990
0.000201
-0.014169
-0.043753
-0.061561
-0.042873
-0.019762
-0.049441
-0.021048
-0.027343
-0.011279
0.042150
0.104852
0.067956
-0.096622
-0.065553
-0.037715
-0.052948
-0.152208
-0.138460
-0.043613
-0.096026
-0.077714
-0.106907
-0.061080
-0.059756
-0.070112
-0.041237
-0.046117
0.014679
-0.099973
-0.022327
-0.139739
-0.066545
-0.139595
-0.030506
-0.015450
-0.044622
0.013580
-0.098647
-0.083024
-0.085747
-0.084028
-0.091681
-0.202263
0.014959
-0.088125
-0.051164
-0.017729
-0.017345
-0.019482
-0.001504
0.017892
0.049429
-0.045675
0.000564
-0.001932
-0.054323
0.017065
-0.046511
0.000760
-0.019941
0.035565
-0.146628
-0.104763
-0.081061
-0.081703
-0.014596
-0.081782
-0.054533
-0.085480
-0.091989
-0.064278
-0.066894
-0.000343
0.031671
0.017602
0.069912
-0.022795
-0.055825
-0.022579
-0.039625
-0.060573
-0.049385
-0.006862
0.021831
0.002618
0.059971
-0.126631
0.108238
-0.135371
-0.168604
-0.209790
-0.147406
-0.087536
-0.090574
-0.183239
-0.094463
-0.143806
-0.025265
-0.045261
0.018323
-0.105214
-0.113238
-0.339382
-0.047044
-0.054964
0.018582
-0.074814
0.043656
-0.063392
-0.164455
-0.021281
-0.115114
-0.113625
-0.044582
-0.063423
-0.154708
-0.166891
-0.129197
-0.092227
-0.087080
-0.149999
0.000342
-0.059450
-0.041846
-0.046824
-0.083520
-0.097928
-0.005059
-0.081927
-0.018515
-0.051172
-0.105321
-0.124505
-0.085060
-0.061588
-0.139645
-0.099606
-0.155537
-0.123204
-0.108235
-0.189887
-0.086999
-0.187511
-0.174087
-0.175501
-0.056231
-0.117703
-0.052164
-0.070204
-0.008976
-0.069708
0.096372
-0.120029
-0.052116
-0.065451
-0.052635
-0.052612
-0.098669
-0.086424
-0.191314
-0.070794
-0.123568
-0.098622
-0.070969
-0.083428
-0.115387
-0.179482
-0.145894
-0.060839
0.010306
-0.009801
0.000686
-0.057563
-0.058287
-0.060910
-0.049853
0.010339
0.017903
-0.127984
0.039572
-0.129964
-0.061071
0.036969
-0.028870
-0.082079
-0.013698
-0.046948
-0.106201
-0.100522
-0.042426
-0.043475
-0.019174
-0.121717
-0.063656
0.043829
-0.008696
-0.030606
-0.110704
-0.036476
-0.105749
0.044561
-0.005086
0.122247
0.044619
0.043172
0.234844
-0.072212
-0.078108
0.093701
-0.088263
-0.093141
-0.037773
-0.139403
-0.119319
-0.087242
-0.069206
-0.076012
0.056123
-0.010607
0.022497
0.031320
0.028325
-0.048085
-0.089704
-0.022271
-0.018581
0.112925
0.023040
0.018206
-0.061857
-0.002838
-0.054338
-0.079683
-0.093654
-0.062230
-0.097874
0.004116
-0.094788
-0.023982
-0.018542
-0.137949
-0.070506
0.040207
0.120952
0.097654
-0.047929
0.043157
-0.019645
-0.074749
-0.007191
-0.033813
-0.034979
-0.003030
-0.025479
-0.116048
-0.049148
-0.043153
-0.009327
-0.100171
-0.072501
0.096428
-0.079310
-0.026825
-0.048292
-0.055078
-0.123309
-0.085556
-0.028204
0.039107
-0.107939
0.000928
-0.031282
-0.099588
-0.019705
-0.155587
-0.023984
0.040863
-0.018753
0.016668
-0.023556
-0.141098
-0.134309
-0.096106
-0.094532
-0.087449
0.209334
-0.050396
-0.061031
-0.062880
0.007482
-0.027866
-0.022351
-0.037404
-0.133222
-0.048193
-0.005668
-0.013695
-0.087217
-0.072594
-0.065545
-0.002125
-0.083327
-0.075530
-0.124300
-0.088353
-0.038625
-0.082649
-0.105718
-0.073218
-0.073049
-0.172652
-0.011689
-0.074798
0.085713
-0.016471
-0.055465
0.078055
0.082597
0.003093
-0.011530
-0.074966
-0.048813
-0.063455
-0.032619
-0.141096
-0.085985
0.050056
-0.043473
-0.064717
-0.090504
-0.088449
-0.143059
-0.086884
