0.083765
0.340946
-0.049943
0.065126
-0.149167
-0.367825
-0.176934
0.486759
-0.079198
0.379495
0.686204
0.350285
-0.134311
-0.069573
-0.019794
-0.043177
-0.410311
-0.261676
-0.329331
-0.009754
-0.025380
0.045153
-0.328083
0.028135
-0.441301
-0.118610
0.053291
-0.345615
-0.303507
-0.078420
1.178749
-0.027842
0.012998
0.021060
0.071055
0.129398
0.118679
-0.284871
0.236650
0.045248
0.072719
-0.162113
0.117230
0.213995
0.010166
-0.124483
-0.016552
0.066796
-0.337968
-0.156101
-0.340532
-0.017325
-0.649718
-0.117892
-0.623323
-0.200364
-0.099477
0.043759
0.111387
-0.013632
0.014022
0.272980
0.057093
0.022191
-0.021045
-0.244221
0.563706
0.299062
-0.145633
-0.053080
-0.235826
-0.060857
0.520549
0.011092
0.088404
-0.353210
-0.102596
-0.035013
0.081099
0.045154
-0.416334
-0.165449
-0.043637
0.015581
-0.060271
-0.105606
-0.038941
0.106950
-0.092034
0.084380
0.082150
0.147844
-0.045404
-0.042621
-0.058093
0.002471
-0.043787
-0.096847
-0.046181
0.022479
-0.101940
-0.021841
-0.046278
0.213314
-0.056264
-0.057416
-0.242566
0.275572
0.041778
0.101691
-0.110588
-0.129328
-0.117049
0.064294
-0.290948
0.009838
0.443306
0.488573
0.344741
0.240607
0.432769
0.235590
0.579822
0.079483
-0.159352
0.007243
-0.193760
0.211151
0.164528
0.283343
0.121165
0.195921
0.067746
0.020863
-0.389465
0.046027
0.093790
0.173138
0.108411
0.127698
0.120487
0.382035
0.392915
-0.036127
-0.041367
-0.104549
-0.272772
0.089106
0.238029
-0.080534
0.394099
-0.009138
0.378267
0.146969
0.039324
0.172562
0.298973
0.081980
-0.139893
0.058518
0.138161
-0.278941
-0.350923
0.185589
0.006902
-0.051369
0.079171
-0.007507
-0.158881
-0.066450
0.297373
0.381035
0.077217
0.058594
-0.441687
-0.171467
0.172779
-0.006342
-0.057014
-0.653723
-0.071512
-0.182258
0.129226
-0.205489
-0.157654
0.495095
0.076134
0.132399
-0.014716
0.265668
0.137298
0.273256
-0.037591
0.058869
-0.030096
0.106439
-0.107337
-0.052609
-0.150332
-0.266096
-0.246818
0.066080
-0.163635
0.102988
-0.113925
0.077090
-0.147186
-0.161981
0.079895
-0.268954
-0.142283
0.060837
-0.135348
0.041406
0.007484
0.047104
0.078932
-0.141741
-0.233272
0.109014
-0.116879
0.208152
-0.130099
0.675553
-0.121378
0.009565
-0.006575
-0.774900
-0.171719
0.039889
-0.281597
0.209707
0.151100
-0.168276
0.154882
-0.112753
-0.124995
0.008326
-0.090296
0.057618
-0.421048
-0.110601
-0.125564
0.167624
-0.072141
-0.051526
-0.133196
0.192944
-0.127159
-0.251812
0.018487
-0.101489
-0.166778
-0.275405
-0.102140
-0.446982
-0.325858
0.025616
0.049336
0.038947
-0.276412
0.218887
-0.014932
-0.223939
0.072632
0.047369
-0.248992
0.069264
-0.022715
0.517569
-0.077338
-0.256821
-0.007385
0.336037
-0.119499
-0.038561
-0.138676
0.037600
-0.259096
0.097931
-0.291252
0.539292
-0.115282
-0.468730
-0.049098
-0.003639
0.345642
0.861508
0.439424
0.064235
-0.478377
-0.451605
-0.106016
-0.191512
0.068248
-0.140068
-0.875493
0.307010
-0.205089
0.043607
-0.165289
0.122717
-0.394536
-0.334880
0.039402
0.032996
-0.317141
-0.178674
-0.385558
-0.109488
0.088847
-0.488936
0.139726
0.713488
-0.074499
0.253478
0.125230
-0.006859
0.032435
0.194232
-0.144487
-0.010279
-0.035865
0.026469
0.263134
0.013713
0.026221
-0.404977
-0.111052
-0.021410
0.090176
0.168130
0.112274
0.011711
0.057618
0.037060
-0.204767
0.054626
-0.090897
0.143183
-0.009595
0.199609
-0.096381
-0.348477
0.031289
0.351989
-0.022437
-0.218390
-0.016893
0.184459
0.063095
0.088702
-0.142318
-0.261333
0.065098
0.053823
-0.140975
0.009624
-0.485122
0.236080
-0.164231
0.058967
-0.147176
-0.112566
0.001863
-0.086134
-0.198358
0.078440
-0.177483
-0.119014
-0.076275
-0.403969
0.026669
0.161947
1.145528
-0.349702
-0.317839
0.269288
0.157918
0.070482
-0.275054
0.100639
0.262034
0.048195
-0.114700
0.023567
-0.069097
-0.279624
-0.140658
-0.205983
-0.131576
-0.036401
-0.101895
0.081819
-0.157160
0.224055
0.000933
0.209269
-0.057539
-0.113180
0.253899
-0.018854
0.134915
-0.306644
-0.333269
-0.288970
0.190097
0.282688
-0.738729
-0.393911
-0.186684
0.944654
0.028775
0.756686
-0.158329
0.221821
-0.070010
-0.173578
-0.079136
-0.031978
-0.035136
0.001879
0.279185
-0.697963
0.168932
0.096926
-0.034755
-0.243105
-0.045407
0.306714
-0.233708
0.196345
0.041675
0.118934
-0.207939
0.118306
-0.031108
-0.002221
-0.030518
0.001183
-0.080015
-0.293789
0.033876
0.117357
0.102554
0.272331
0.005401
0.090356
0.124927
-0.418068
-0.065056
0.079904
-0.086125
0.004982
-0.206187
-0.090483
-0.002626
0.086947
0.405612
0.329646
0.471991
-0.106953
0.114626
-0.033829
0.206242
-0.037476
-0.188494
-0.095333
0.043968
0.024077
0.203646
-0.055640
0.029773
-0.099650
-0.108267
-0.233627
0.123103
0.922730
-0.050299
0.326761
0.112394
-0.059922
-0.193586
0.302956
0.463957
0.148027
0.031527
0.213318
-0.112541
-0.247973
-0.165222
0.063499
0.032578
0.052044
-0.021153
0.388667
0.169309
0.092953
-0.222955
0.214179
-0.477367
0.204258
0.213268
-0.115770
0.182828
0.302871
-0.212191
0.162903
0.367032
0.243573
0.164783
-0.056284
0.175215
-0.065347
-0.565858
-0.026813
0.009651
-0.101968
-0.041890
-0.009949
-0.070537
0.367375
-0.203811
-0.189149
-0.020910
-0.097303
-0.176605
-0.116964
0.076102
0.245992
0.029158
-0.089530
-0.190889
-0.116439
0.090527
-0.096197
-0.011972
0.355050
0.131683
0.140537
-0.129858
-0.138356
-0.016952
0.069925
-0.099806
-0.107369
-0.143169
-0.199925
-0.278608
-0.076996
-0.010747
-0.050400
0.070419
0.181113
-0.146754
-0.002265
-0.260490
-0.046029
-0.261200
-0.172685
-0.183549
-0.084980
0.030523
-0.217398
-0.259372
-0.221135
0.131287
0.051724
-0.477584
-0.189874
-0.593497
0.211455
-0.120173
-0.033116
-0.102793
-0.168374
0.380773
-0.199799
-0.068560
-0.317245
-0.035854
-0.142047
-0.035269
0.384946
0.127535
0.480191
-0.176224
-0.106532
-0.039603
0.090442
0.061121
0.128761
-0.749178
-0.004569
-0.089108
0.056866
0.005863
0.131364
0.040762
-0.372615
-0.307353
-0.282273
-0.176340
-0.183287
0.400525
-0.097942
-0.018035
-0.243073
-0.054127
-0.069526
0.153278
-0.128334
0.121545
0.141900
-0.201327
0.710753
-0.153501
-0.264642
0.564008
-0.076149
-0.382775
-0.548129
-0.074491
0.710125
0.049003
-0.834676
-0.822212
0.351925
-0.307912
0.043677
-0.079954
0.033985
0.074710
-0.115887
0.071816
-0.387721
-0.146712
0.039161
-0.081461
-0.016764
-0.036782
-0.068312
0.088217
0.009996
-0.102250
-0.050191
-0.240797
-0.472774
0.127033
-0.206458
-0.099484
0.089734
-0.080728
0.079081
0.015227
0.111764
-0.071191
0.032224
0.082182
0.204083
-0.086723
0.119695
-0.054408
-0.187310
-0.457405
-0.067321
-0.205094
-0.141154
-0.138947
-0.132823
0.093105
-0.236146
-0.323667
-0.319848
-0.172015
0.156331
0.163336
0.603356
0.346707
0.027410
-0.078464
0.235356
0.019142
0.118950
-0.071605
-0.106484
-0.137225
-0.160960
-0.131096
-0.074559
-0.053282
0.087898
0.119823
0.019984
-0.029019
-0.190913
-0.136611
-0.061078
-0.092701
-0.077929
0.035111
0.345259
-0.090983
-0.348373
-0.246333
0.104329
-0.386332
-0.079081
-0.005571
0.148165
-0.005626
0.034237
-0.028826
0.153330
-0.189362
-0.201158
-0.192513
-0.224312
-0.495405
-0.103523
0.120080
-0.122669
0.198662
0.046207
0.066754
-0.100444
-0.041685
0.123000
-0.038522
0.594875
0.641677
-0.185763
-0.242057
0.145237
0.001340
-0.089761
-0.250429
-0.125197
0.005412
-0.119909
-0.381060
0.045084
-0.078965
0.174505
0.037085
0.057963
-0.129235
-0.139747
-0.232982
-0.005924
0.074271
0.454393
0.498974
0.256706
0.118274
0.199292
0.112470
-0.228412
-0.120454
-0.161830
0.036415
0.257174
0.194123
-0.109307
-0.147361
-0.534346
-0.260166
-0.242528
0.111546
-0.336922
-0.052021
-0.019901
0.226247
-0.048859
0.037860
-0.000787
0.060837
0.103676
-0.009667
-0.013006
-0.021327
-0.132846
-0.045335
-0.019448
-0.008260
0.026002
-0.042519
0.089481
-0.067066
-0.106300
0.208200
-0.101663
-0.219391
0.065751
0.127970
0.110686
0.083403
0.271196
0.451300
-0.439733
-0.129347
0.013981
0.016990
0.089247
-0.159958
-0.285404
-0.034778
-0.006777
0.345191
0.299486
-0.177882
0.082827
-0.004622
0.057990
0.063234
0.177024
-0.280703
0.104599
0.119969
-0.375634
-0.093450
0.002363
0.025518
-0.006969
0.290569
-0.304669
-0.470336
-0.548890
0.051219
0.206371
-0.318137
0.153773
-0.064428
-0.031295
0.100067
0.006064
-0.064060
0.139204
0.171261
0.125588
0.066792
0.253307
0.031600
-0.024381
0.248222
0.287316
0.129228
0.568146
-0.062408
-0.011551
0.037841
0.031846
0.075480
0.136022
0.007737
-0.056299
0.016025
-0.031970
0.576814
0.380072
-0.011502
-0.049208
-0.171780
-0.024844
0.054171
-0.024472
-0.140245
0.003372
-0.018059
0.394478
0.242693
0.012450
0.013514
-0.150518
-0.309832
0.051354
0.144439
-0.298669
-0.062222
0.026667
-0.438622
-0.095968
-0.199720
-0.220450
-0.188907
0.115391
-0.216599
0.243899
-0.206254
-0.096568
-0.187561
0.446731
-0.128316
0.275069
0.230919
0.299729
-0.297324
-0.212163
0.894926
0.489749
0.235255
-0.068228
-0.107566
-0.244155
-0.140253
-0.251131
-0.138930
-0.015155
-0.002353
0.168833
-0.091568
-0.163771
-0.199780
0.170114
0.312325
0.078780
-0.083726
-0.156709
-0.219852
0.000424
0.259438
0.190503
0.020029
-0.115857
0.160537
-0.065349
0.032473
0.022083
-0.175351
-0.111129
0.611665
1.011744
-0.050721
-0.046519
0.131857
-0.391317
-0.099208
0.803824
0.097757
-0.231094
-0.130747
0.140032
0.105536
0.491292
0.020143
-0.161703
-0.047701
-0.076872
-0.243821
-0.138676
-0.280666
-0.158529
-0.142997
-0.007420
0.116959
0.067415
-0.283448
-0.123396
-0.051526
-0.194371
0.050583
-0.107192
-0.092235
0.111525
-0.114657
-0.274738
-0.407531
-0.013812
0.125011
0.074708
0.205097
0.012194
0.069612
0.135175
0.170522
0.050326
0.034366
0.008803
-0.841502
-0.093511
0.014026
-0.067904
0.258533
1.060901
0.089587
-0.123864
-0.010043
0.042273
-0.251300
0.102190
-0.163944
0.307780
0.259086
0.111105
0.159784
-0.042784
0.242814
0.098597
-0.357431
-0.156914
-0.245815
-0.235663
-0.079867
-0.500818
-0.462735
0.291492
0.172674
1.189609
0.305540
0.055762
0.359887
0.051353
-0.075939
-0.015316
0.002488
-0.194562
-0.137358
-0.353904
-0.005493
0.123440
-0.000788
-0.006499
0.013919
-0.324383
-0.222676
-0.110673
0.217612
0.151768
-0.139732
-0.009235
0.214783
0.221624
0.256703
0.091306
0.634885
-0.472593
0.184506
0.126556
-0.026308
-0.053670
0.009651
-0.056849
-0.695390
0.141358
0.522115
0.453682
0.214544
-0.618939
-0.305310
-0.159710
0.020407
0.410101
-0.050997
0.046337
0.004041
-0.103491
-0.452389
0.591028
0.000881
-0.227263
0.137892
-0.126153
0.199942
-0.106764
-0.172344
-0.485960
-0.476214
0.326779
-0.023995
-0.393731
0.131864
0.249694
-0.111687
-0.160752
0.014014
-0.172276
-0.249089
0.157692
0.138876
-0.035289
-0.290428
0.485847
0.226420
0.093812
0.348697
0.153711
0.142276
-0.021434
0.040284
0.199375
0.094608
0.231120
0.157145
-0.187330
0.002896
0.258016
0.492307
0.079045
0.046138
0.069365
0.048920
-0.015223
-0.043976
0.509843
0.372484
1.106276
-0.128475
0.059901
-0.196994
0.439967
0.649900
0.096378
-0.104881
0.293626
0.010678
-0.514398
-0.142813
-0.400427
-0.066080
-0.140443
0.041578
-0.540709
0.358901
0.213084
0.115688
0.068576
-0.047206
-0.146691
-0.181580
-0.144461
-0.134009
-0.078664
0.109268
0.097110
0.179311
0.225954
0.058755
0.002487
0.064274
0.386042
0.521728
-0.208148
-0.019880
-0.107847
-0.215765
-0.325078
-0.577227
-0.548626
-0.184067
-0.373873
0.029861
-0.071722
0.183724
0.086891
0.115918
0.043427
-0.139701
-0.040333
0.136694
0.262193
0.114719
0.127809
-0.203445
-0.248575
-0.012594
0.392890
-0.230137
-0.009858
-0.056069
0.388442
0.520354
0.374123
0.559807
0.177028
0.011690
0.291088
-0.392921
0.116356
-0.011058
0.028379
0.017779
-0.021234
-0.066013
0.586400
0.142202
0.179168
0.020067
0.087741
0.176005
0.025674
-0.059823
0.029698
0.039440
0.147307
-0.019614
-0.003288
0.180854
0.023849
0.260781
0.259857
0.050092
-0.352556
-0.238597
0.169060
0.124025
0.009560
-0.124184
0.039995
-0.160761
-0.043315
1.139126
0.325723
0.014152
0.024942
0.101866
-0.297308
0.231250
0.020356
-0.330553
0.240924
-0.031823
-0.217944
-0.073360
-0.088332
-0.109043
-0.351138
0.070884
-0.203043
-0.093950
-0.219772
0.043727
0.461623
0.480503
0.447110
0.453991
0.246058
-0.329620
-0.031478
0.563659
-0.052923
-0.023824
0.033737
0.552154
0.655907
-0.001785
0.003864
-0.238403
-0.261303
-0.176132
-0.121591
-0.102083
0.002634
0.013867
-0.019808
-0.131958
-0.150420
-0.160334
-0.226197
-0.106748
-0.157335
0.044032
0.016896
1.072753
1.098181
0.117567
-0.092183
0.420220
0.446200
0.036607
-0.049355
0.063718
0.206880
-0.059464
0.226198
-0.156262
0.096634
-0.057473
1.371381
0.123757
0.226603
0.103233
0.157362
0.034457
0.135626
-0.020148
-0.254203
-0.044408
0.026031
0.100779
0.335712
-0.195304
-0.207504
-0.128313
0.054654
-0.094275
-0.087643
-0.127886
0.211368
0.211808
0.209559
-0.014104
0.105167
0.014617
0.061771
0.022753
0.272107
-0.025156
-0.131149
-0.150417
0.889369
-0.137423
-0.135158
-0.395208
0.157838
-0.064274
0.354907
0.006580
0.585715
0.287157
0.101844
0.128899
-0.215002
0.159965
0.302231
0.019975
0.315851
-0.065916
-0.088688
-0.056003
-0.024924
-0.241626
-0.057210
0.034621
0.031612
-0.169203
-0.135328
-0.130082
-0.257146
-0.120862
-0.132303
-0.140395
0.247436
-0.178177
-0.214884
-0.022927
-0.388227
-0.088510
0.567112
0.541099
0.184183
-0.108891
0.442414
0.242713
-0.060380
0.196461
0.022936
0.129318
-0.158860
-0.113309
0.339660
-0.412982
0.157376
0.188328
0.652407
-0.238825
0.041279
1.177056
0.245633
-0.194720
-0.123659
-0.001585
-0.208605
-0.214208
0.214498
-0.538476
0.140496
0.155619
-0.522030
0.307795
-0.199447
-0.352221
-0.326386
0.260687
-0.239932
0.062183
0.017020
0.211695
-0.081810
-0.277589
-0.287925
-0.311286
-0.196786
0.086967
0.176060
-0.041159
0.046828
0.083815
0.212866
0.123417
0.088263
-0.046150
-0.148877
0.037902
-0.283605
-0.195577
-0.225231
-0.194938
0.054654
0.022521
-0.502570
-0.576477
-0.063766
-0.065642
-0.168668
0.055141
-0.115509
-0.103494
-0.089705
-0.082074
0.212746
-0.081450
-0.045067
-0.212285
-0.214667
-0.366968
-0.295343
-0.012635
-0.058939
-0.074054
-0.005664
0.569697
0.433804
0.238970
-0.178407
0.034577
0.075304
0.541209
0.374241
1.244787
-0.350846
0.013226
-0.076882
-0.070412
-0.029858
0.068241
-0.030013
0.114946
-0.037563
-0.054790
0.048824
-0.250463
0.091821
0.028751
0.185496
-0.150288
-0.127419
0.144269
0.022395
-0.051221
-0.022757
0.016226
0.190418
-0.055194
-0.624144
-0.107112
-0.110512
-0.188921
-0.187857
-0.081673
0.129674
-0.001101
-0.016168
0.308684
0.181933
-0.149557
-0.230679
0.012855
-0.028676
-0.064747
0.074969
0.121851
0.209776
-0.042356
-0.195319
-0.262152
0.025846
-0.108176
0.218135
-0.187754
-0.448268
-0.011358
0.421596
-0.269324
-0.009388
-0.331535
0.101446
0.059257
0.161287
0.573084
0.176023
0.368376
0.040663
0.342836
-0.180689
-0.265403
-0.304285
-0.120477
0.434927
0.303506
0.061082
0.179686
-0.053363
0.031746
0.008038
1.238412
1.073705
0.078376
0.049593
0.085629
0.104861
-0.034421
0.195168
-0.122615
0.201269
-0.002327
0.085577
-0.205400
-0.143865
-0.116914
0.422317
0.374723
-0.180675
-0.250032
-0.131074
0.108826
0.245900
-0.040161
0.135943
0.103777
-0.083657
0.282805
-0.080286
-0.169848
0.142395
-0.203501
-0.366557
-0.066611
0.521618
-0.387075
0.092275
0.036394
-0.057321
-0.021130
0.618100
-0.062976
0.381330
-0.069875
-0.021563
-0.517217
-0.158973
0.055061
1.307634
0.276508
0.550953
-0.085231
0.016479
0.028598
0.047009
-0.323701
0.006800
0.374908
-0.075942
-0.071819
-0.202657
-0.045072
0.357434
0.178762
0.358433
-0.400743
0.597295
0.213103
-0.093649
0.189343
-0.042497
-0.066004
-0.089866
0.010375
0.153574
-0.132300
-0.274715
-0.302698
-0.133641
-0.547243
0.123348
-0.214488
-0.259357
0.031057
-0.075167
-0.039508
0.597543
0.011622
0.165910
0.113989
-0.508872
0.008738
-0.090644
-0.012677
0.055912
0.047649
0.237505
0.015665
0.149183
0.004305
0.162527
0.231037
0.178275
-0.082455
0.020492
0.584478
0.206393
0.037329
-0.390683
-0.055110
-0.101282
0.160293
0.241297
0.007093
0.272914
-0.068270
0.187587
-0.167829
0.332050
0.139486
-0.074005
-0.118473
-0.063512
-0.601613
0.409359
-0.035364
0.336056
0.632041
0.134083
-0.439204
0.195533
-0.027283
-0.020237
-0.000196
-0.015640
0.077974
0.377372
-0.245616
0.499299
-0.076110
0.510329
0.255471
0.098720
-0.089184
0.206596
0.086131
-0.255914
0.720807
-0.167714
-0.057286
0.271068
-0.098966
0.007682
-0.430837
0.026642
0.164329
-0.042951
-0.037980
-0.079220
0.123600
-0.615978
0.161206
-0.267330
-0.154891
0.309721
0.176469
-0.213928
0.209788
0.026659
-0.553852
-0.464775
-0.042994
-0.688622
0.343855
0.181025
0.505597
-0.010015
0.070223
0.049642
-0.529385
0.189785
0.082019
-0.035426
-0.029646
-0.061710
-0.135347
-0.280676
-0.144602
0.205891
0.369849
0.592136
0.182233
0.312206
-0.052656
-0.255810
-0.006051
-0.273983
0.123688
-0.088922
0.110880
0.221740
0.567779
0.475995
-0.163635
-0.141358
0.054361
0.015319
0.206022
-0.699643
-0.263372
0.146244
0.196093
1.051870
0.293135
-0.158007
-0.123697
-0.048397
-0.203393
0.298789
0.000810
0.285303
0.750426
0.117296
-0.540008
0.116810
-0.045615
0.266345
-0.112217
-0.012722
0.490265
-0.391146
0.301349
-0.340649
0.007796
0.157859
0.379191
-0.659954
-0.602229
0.009262
0.088991
0.037033
-0.170952
-0.097308
-0.051354
-0.131488
-0.160136
0.048610
-0.050632
0.011528
0.095504
-0.318565
-0.248767
0.498001
0.273115
0.221178
0.154131
-1.021254
-0.105533
0.027900
-0.126070
-0.206617
0.041505
0.326830
-0.200544
-0.561904
0.071592
-0.147997
0.089410
-0.143837
-0.002013
0.152446
0.051454
0.075979
-0.168408
0.113716
-0.025164
0.053107
0.115949
-0.083107
-0.037357
0.279708
-0.421512
0.058006
-0.032819
0.041317
1.158810
0.584063
-0.075208
0.540710
0.009342
-0.258753
-0.076581
-0.120821
-0.025042
-0.087065
0.053551
0.155019
-0.057523
-0.180959
-0.003703
-0.313078
1.130618
0.244959
0.060904
0.273530
0.140873
0.494383
0.174700
-0.061653
-0.066639
0.588307
0.578273
-0.249678
0.371795
-0.039114
0.014901
0.240549
0.085869
-0.107166
0.120994
0.064096
0.030435
-0.054954
0.036505
-0.101267
-0.008828
-0.011684
0.016587
0.149389
0.032319
-0.316079
-0.196066
-0.067321
-0.125749
-0.040613
0.459615
0.620979
0.103534
-0.277148
0.403982
0.262184
-0.227574
-0.251741
0.192390
-0.083693
0.204482
-0.218069
-0.239784
0.047141
0.024682
0.454217
0.003196
0.488938
0.366921
-0.161606
-0.051334
-0.021130
-0.303773
-0.297733
-0.100600
-0.047419
0.250024
0.248213
0.084770
0.152290
0.161383
0.084760
0.120756
0.005154
0.114353
-0.004956
0.240427
-0.031364
0.037312
-0.193548
-0.053019
-0.239665
0.024241
-0.303345
0.256391
0.056812
-0.429741
-0.447982
0.205070
0.088156
0.333014
-0.015482
0.099567
0.005767
-0.273432
1.296530
-0.062598
-0.032422
0.258318
0.215397
0.639372
0.111712
0.261135
-0.775698
-0.068884
1.140317
0.423293
-0.011978
0.124238
0.477160
0.046697
0.254816
-0.104666
-0.074823
-0.062709
0.141901
0.158716
-0.086108
0.029297
0.307882
0.068670
-0.045131
-0.089240
0.242915
-0.152117
0.239995
-0.300555
-0.085192
-0.710590
-0.613219
-0.054897
-0.058543
0.118445
0.236056
-0.039660
0.010547
-0.540865
0.028214
-0.132269
1.294925
0.081376
0.178501
-0.062569
0.010742
0.019146
0.889168
0.121613
-0.306828
-0.236811
-0.259001
-0.024219
-0.107353
0.090919
-0.088580
0.066102
0.164099
-0.112316
0.063778
-0.120292
-0.187499
-0.495763
-0.703772
0.479443
0.966709
-0.004714
-0.124693
0.264795
-0.410861
-0.345159
-0.320737
-0.035627
0.005224
-0.196629
-0.114573
-0.023822
-0.465739
-0.400691
0.166062
0.304517
-0.425259
0.059354
-0.182980
-0.014687
-0.086672
0.181661
-0.665176
0.105923
0.161532
-0.037932
-0.041885
0.210925
0.195070
0.434527
-0.033829
0.001502
0.293238
0.041322
0.057268
-0.020588
-0.016002
-0.094546
0.051210
0.064696
0.067975
0.026742
0.668615
-0.703772
-0.316150
-0.085176
0.064108
-0.367774
0.963540
0.053365
0.074634
0.072662
0.058674
0.178757
0.011014
-0.109102
0.110359
0.052655
0.215364
-0.092952
0.430063
0.253072
-0.024059
0.014900
0.039309
-0.040232
-0.040330
-0.034070
0.034733
-0.505626
-0.463744
0.062218
-0.061852
-0.004965
-0.014984
0.099114
0.136128
-0.035667
-0.135622
0.054863
-0.005293
-0.090007
-0.067166
0.811137
0.402313
0.042895
-0.111616
-0.001919
-0.120074
-0.003597
-0.516692
0.048895
0.079962
-0.002424
-0.159658
-0.247697
0.061798
-0.034927
-0.005383
-0.167890
-0.189449
-0.006009
-0.532190
-0.193290
-0.293536
1.002737
0.235595
-0.101127
-0.026229
0.040770
-0.024026
0.222030
0.389060
-0.016736
-0.403721
-0.007156
-0.070883
-0.125710
-0.133413
0.097735
0.229269
0.091769
0.243740
-0.076220
-0.227694
0.215502
0.206766
-0.111702
-0.088798
0.434930
0.584394
-0.046323
-0.209448
-0.178761
-0.377643
-0.153937
-0.195816
1.139637
-0.071585
0.164852
0.281977
0.433962
0.335167
0.074774
-0.492524
-0.195824
-0.919580
0.612116
-0.021049
0.062233
1.323199
-0.241144
0.043249
-0.269117
-0.090725
-0.120653
-0.613503
-0.155130
-0.184865
0.513214
0.236934
-0.039905
0.085739
-0.466377
-0.108301
-0.287502
-0.186546
0.153307
0.485237
-0.341247
0.281622
0.091640
0.285671
-0.023221
-0.088390
0.029681
-0.132433
0.376162
0.079252
0.152281
0.268769
0.204204
0.054835
0.476298
0.211808
-0.063906
-0.005295
-0.053396
-0.016879
-0.387147
0.124460
0.082983
0.051327
-0.005342
0.014522
0.027625
0.160016
0.528978
-0.037446
-0.052812
-0.086130
-0.493639
-0.058810
-0.196776
-0.024733
0.426367
0.307388
0.662962
0.201562
0.093437
-0.094718
-0.150243
-0.576110
-0.171605
0.119766
-0.049734
0.782432
0.050231
1.148404
-0.090039
-0.468550
-0.038752
-0.229298
-0.055393
-0.217750
-0.015129
0.040053
-0.085372
0.124785
-0.007459
-0.052865
-0.084268
0.005775
0.064465
0.162046
0.107992
-0.198931
-0.150063
-0.621797
-0.096169
-0.126538
-0.091806
0.331308
0.249870
-0.141582
0.387713
0.229349
-0.004260
0.125595
-0.117915
0.092624
-0.321472
-0.226907
-0.245009
0.045360
-0.005398
0.099822
-0.361789
-0.251007
-0.136416
-0.100723
-0.009815
0.013500
-0.043031
-0.554134
0.428450
0.008879
0.276351
0.353072
-0.151316
0.085419
-0.019699
0.137145
0.016700
0.140280
-0.034541
0.280620
0.229739
0.367706
0.279113
0.029714
0.069865
-0.580927
0.686191
-0.079192
-0.237605
-0.005286
-0.206518
0.110818
1.242417
0.085151
-0.230201
-0.020363
-0.312322
-0.195441
-0.393364
-0.163650
0.117879
-0.202794
-0.232240
-0.371010
-0.119290
0.082311
-0.039561
-0.000319
-0.351486
-0.012804
-0.045044
-0.026344
0.174655
-0.041094
-0.060039
-0.021884
-0.108127
-0.050519
-0.591222
-0.137743
-0.531098
0.060902
0.051516
-0.171719
0.275620
0.133581
0.152052
-0.120861
-0.014777
0.050885
-0.103504
-0.024150
0.572970
-0.342082
-0.057621
-0.101930
-0.243851
0.168628
0.167936
0.065616
0.120500
0.764840
0.439557
0.424097
0.208077
-0.092101
0.244783
-0.092886
0.031148
-0.118357
0.097213
-0.481198
-0.084724
0.081568
0.259558
0.095795
0.226323
-0.440565
0.010672
-0.154408
-0.012364
-0.289737
-0.072716
-0.085931
0.034841
-0.048297
-0.029360
0.117290
0.386246
-0.311789
-0.170452
-0.113863
-0.202375
0.241937
0.022925
-0.872566
0.172759
-0.086154
0.025912
-0.826826
-0.353382
-0.645869
-0.239571
-0.044334
0.052417
0.052603
0.256178
0.164749
-0.138562
0.264531
-0.007615
0.263114
-0.162486
-0.180524
0.004889
-0.081082
0.194745
0.069139
-0.082939
-0.204901
-0.119568
0.236208
-0.045270
-0.195131
-0.198273
0.072155
0.073451
0.161600
-0.192337
-0.044110
-0.190513
-0.368010
0.419894
-0.231323
-0.103060
-0.014148
-0.032326
0.059344
0.289104
0.034633
-0.343477
0.465166
-0.732948
-0.067024
-0.157539
-0.803131
0.176651
0.165833
0.070374
0.398139
0.150275
0.174015
0.162806
0.233709
-0.312083
0.463205
-0.299045
-0.437136
-0.379951
-0.000410
-0.142071
-0.306837
-0.257393
-0.255423
-0.838963
0.047439
-0.228144
-0.501144
-0.054440
-0.103243
-0.015570
0.039621
-0.115784
-0.090811
0.015135
0.205781
0.025534
0.543406
1.050683
0.900547
0.261277
0.496481
0.539802
-0.012411
0.026393
-0.082335
0.075054
0.072824
0.077979
-0.262855
-0.179578
0.432556
0.325224
-0.324793
0.024337
-0.025769
0.417755
-0.012795
0.054687
0.230047
-0.271462
-0.039918
-0.470790
-0.288570
0.073485
0.042776
0.310758
-0.033493
0.067822
0.178070
-0.020572
0.005626
-0.242480
-0.291409
-0.069001
0.149956
0.134203
0.325669
0.366404
0.458134
-0.005719
-0.191921
0.183306
0.287434
0.045339
0.099324
0.810776
0.033262
0.076294
0.341397
0.110515
-0.023862
-0.264491
-0.089768
0.142142
-0.384187
-0.351665
-0.014209
-0.330257
0.312036
-0.021165
-0.140057
-0.149142
-0.086458
-0.098043
-0.074157
-0.046780
0.105043
0.239088
0.031676
-0.101271
-0.010893
0.033400
-0.087839
-0.120840
-0.000523
-0.158852
0.151792
-0.059914
0.225378
-0.145911
0.430321
0.167282
-0.064976
-0.583344
0.183355
-0.243412
-0.253342
-0.290649
-0.184471
-0.760910
1.102805
0.124933
0.936251
0.086355
0.228789
0.010622
-0.045653
-0.125940
0.557552
-0.108618
-0.267767
-0.096704
0.194525
-0.163079
-0.023674
0.132787
0.281548
-0.097902
-0.342136
-0.179943
-0.147895
-0.067769
-0.028531
0.017959
0.086330
-0.636536
0.301540
-0.146119
0.097450
-0.150362
-0.146098
-0.103649
-0.049258
-0.255898
-0.030739
-0.195313
0.028935
-0.152082
-0.587466
0.004278
0.082751
0.139330
1.253541
1.338806
0.122863
0.185479
0.122548
-0.262136
0.010200
-0.432823
-0.101792
-0.122710
-0.351746
-0.211779
0.150004
-0.059726
-0.075452
0.006466
-0.491519
0.015568
0.101138
-0.010518
0.062958
0.174086
0.287643
-0.039543
-0.163163
-0.148092
-0.046721
-0.040085
-0.024173
-0.213815
-0.255044
-0.208162
0.385723
-0.146502
0.054197
-0.090539
-0.305792
-0.069596
0.131968
-0.082628
-0.061295
-0.150979
-0.073486
0.036800
0.142875
-0.206638
-0.099124
-0.062994
-0.128494
0.006274
0.073840
-0.438888
-0.037959
-0.054691
-0.219151
-0.042468
0.105319
-0.193415
-0.005709
0.210998
-0.271701
-0.198900
0.011757
0.346579
0.044806
0.140858
0.737217
-0.327782
-0.042103
-0.125256
0.071788
-0.251949
-0.037738
0.086959
-0.085856
-0.600789
0.100640
-0.206141
0.317950
-0.206564
-0.211329
-0.001489
-0.088592
-0.029175
0.231833
-0.210913
-0.077021
0.011088
0.035468
-0.008496
0.101976
-0.106689
-0.204512
-0.290052
-0.240576
0.067130
-0.244861
0.032556
0.283061
-0.088849
-0.095542
-0.047372
0.167559
0.216257
0.180137
-0.143575
0.183998
0.456805
-0.002155
0.138503
0.266543
0.216476
1.012792
-0.048209
0.044914
0.465777
0.455903
0.199175
0.127578
-0.015047
-0.153511
-0.046143
-0.035643
-0.125774
-0.115447
0.179887
-0.185925
-0.329529
0.149548
-0.397976
0.001913
0.040030
0.057078
-0.041413
-0.019105
0.400846
-0.271054
-0.061138
0.101148
0.409614
0.257654
0.484592
1.014435
0.397291
-0.027692
0.384359
0.823235
-0.098383
0.027948
-0.133080
-0.086222
-0.188480
-0.355367
0.202510
0.055437
0.546394
0.130715
0.050501
-0.075539
-0.081500
0.266896
0.441682
0.464937
-0.843817
-0.167524
0.100710
0.042423
-0.001329
-0.093938
-0.020456
0.093063
0.239524
0.025341
1.425541
0.956333
-0.052880
-0.008661
0.170471
0.100770
-0.356858
-0.123391
-0.016308
-0.295965
-0.083267
-0.295323
-0.148011
-0.108934
0.044305
-0.089754
0.185779
0.043573
0.761287
-0.661681
-0.021588
0.082515
-0.198621
0.222890
1.003163
-0.244053
-0.113897
-0.106452
-0.099024
-0.137386
-0.131294
0.140062
-0.073408
-0.014369
0.198802
0.079840
0.067805
0.096709
-0.071692
0.053385
0.031714
-0.285369
-0.025134
0.056972
-0.217368
-0.009300
-0.187095
-0.106935
-0.054252
0.164636
-0.283494
-0.179842
0.038733
-0.703293
0.080577
-0.009675
0.005478
-0.160156
0.019737
0.516102
0.194371
0.235693
0.010267
-0.117650
-0.082357
0.184059
0.999524
0.281252
-0.065194
-0.428074
-0.338484
-0.078746
0.224031
-0.083214
-0.121149
-0.281625
0.027105
0.019450
-0.135744
-0.025981
0.217660
-0.152806
0.067230
0.093749
-0.165672
0.169795
-0.317741
-0.597853
0.018700
-0.136984
-0.131598
-0.326266
0.821232
-0.036127
-0.044279
-0.000905
0.078739
-0.101341
-0.080786
-0.354503
0.000821
0.204043
0.032281
-0.033462
-0.346287
-0.079455
0.483842
0.714684
0.187934
0.044865
0.280642
-0.223471
-0.094933
-0.154986
-0.297601
-0.104427
0.059752
-0.026257
-0.181894
-0.090337
-0.020836
-0.265911
-0.086096
-0.101427
0.092170
-0.155005
0.146088
-0.084645
0.021027
-0.080507
-0.073661
0.013764
-0.092388
0.616578
-0.234280
-0.474082
-0.139641
0.060879
0.037425
-0.093380
0.162231
0.130003
-0.119724
-0.233990
-0.063494
0.218763
0.493545
0.045479
0.183564
-0.029175
-0.226664
0.104680
0.207116
0.168706
-0.210619
0.581992
-0.409302
-0.345537
0.037399
0.084062
-0.226706
0.048156
0.051901
-0.113814
-0.030121
0.283268
0.470418
-0.564370
-0.244802
0.006120
-0.301282
-0.272781
0.001653
0.530095
-0.000625
-0.090929
-0.004005
-0.203181
0.982539
-0.120683
0.260444
0.240337
-0.371691
0.054849
0.035656
-0.075823
0.041634
-0.310911
-0.223342
-0.152051
-0.249582
-0.170137
-0.020828
0.955798
-0.017475
0.181194
-0.023312
-0.055926
-0.013339
-0.075092
-0.140997
-0.206382
-0.210412
-0.133672
0.396553
0.413317
-0.068106
-0.138811
-0.144027
0.049649
0.141213
0.135987
-0.100651
-0.352934
-0.177495
0.170239
-0.108835
-0.113951
-0.185014
0.223896
0.004099
0.107505
-0.004087
-0.032228
0.391051
-0.172311
-0.091534
0.180728
0.222858
-0.087907
-0.128880
0.004465
-0.139948
0.070846
-0.078518
-0.150278
0.243653
-0.075367
-0.172683
0.046580
0.173979
-0.112483
-0.146998
0.008014
0.228978
-0.241725
-0.000758
-0.095014
-0.077825
-0.029140
0.093597
-0.063871
0.094162
0.042183
0.252010
0.175741
0.326719
0.180267
0.153219
0.114547
0.019846
0.059040
-0.334413
0.279263
0.235036
0.020616
-0.121280
0.214125
0.326585
0.208886
-0.510325
0.252541
0.130343
0.230051
0.177376
-0.108296
-0.120273
0.022586
-0.042670
0.215391
0.096328
-0.313022
-0.132009
-0.039863
0.146627
0.118664
0.143279
0.125316
-0.038289
-0.332394
-0.150211
0.293374
1.019910
1.192363
0.068416
0.073108
-0.095540
0.489512
0.117543
0.567476
-0.136330
-0.059586
0.240800
0.178320
-0.113078
0.180972
-0.943573
0.177997
-0.350805
0.205348
-0.017227
0.195533
-0.170677
0.491371
-0.464085
0.019033
0.068865
-0.231714
0.032601
0.051102
-0.446786
-0.527885
0.225964
-0.067177
-0.032852
0.264947
0.313224
0.178152
0.724564
0.241009
0.261177
0.277691
0.069761
-0.513402
-0.259735
0.011426
-0.249303
-0.222961
0.347826
0.229109
-0.087830
0.063417
0.387273
0.580245
0.330437
-0.053639
0.567987
-0.185323
-0.102920
0.064180
-0.114330
0.252516
-0.064207
0.106675
0.086938
-0.386703
0.329006
-0.104341
0.002065
0.085118
1.451822
-0.813876
-0.691919
-0.176382
-0.194847
0.011353
-0.130352
-0.021991
-0.065660
0.309907
-0.118135
-0.024360
-0.100335
-0.079068
0.067800
0.328204
0.177299
-0.023188
0.038807
-0.030185
-0.104597
0.134539
0.004269
-0.080963
-0.271959
0.376027
0.171276
-0.059601
0.149827
-0.123687
-0.415489
0.517490
-0.207646
-0.137110
-0.037776
-0.321904
-0.352979
-0.109649
-0.347034
-0.546561
0.192727
0.244356
-0.103750
0.290807
0.027875
-0.187591
-0.251389
0.539816
-0.294789
0.264214
0.174773
0.073829
-0.563235
-0.664154
0.772315
-0.000125
0.075760
0.091965
-0.159138
-0.771188
-0.100435
-0.693665
-0.107391
-0.066547
-0.146955
-0.631434
-0.589551
0.319214
-0.020210
0.261526
0.308381
-0.797948
0.226103
0.127238
-0.093362
0.085034
-0.034936
0.102014
0.209274
0.073663
0.014749
0.414457
-0.323372
-0.432407
-0.277630
-0.198130
-0.019405
-0.067909
-0.068847
-0.069625
0.086382
-0.195649
-0.042244
0.099201
0.136515
0.135649
0.120297
0.066134
-0.046470
-0.046182
-0.167012
-0.007464
-0.023138
0.025540
0.234941
0.272022
0.317957
-0.516877
0.113004
-0.005080
0.016739
-0.051526
0.078342
0.425241
-0.037942
-0.124122
-0.129418
0.143612
0.113848
0.117161
-0.062033
-0.023455
0.026814
-0.087814
0.091393
0.203892
-0.357608
-0.874811
0.019899
-0.123818
0.049709
0.033940
0.065189
-0.068120
-0.080187
0.438701
0.052284
0.144570
-0.480105
-0.405197
0.345893
0.015375
-0.007960
0.149589
0.005200
-0.164464
-0.188638
-0.170136
-0.105675
0.421363
-0.010243
0.156221
-0.082500
-0.015244
-0.093253
0.869359
0.281702
0.177485
0.145546
-0.211936
-0.233782
-0.034333
0.338949
-0.043639
-0.596774
-0.279493
-0.015704
0.301379
-0.156572
0.043611
0.099871
-0.372688
-0.144178
-0.003080
0.048330
0.388508
0.024275
0.083799
-0.367501
-0.090896
0.107469
-0.156158
-0.052821
0.211362
-0.100158
-0.240901
0.106131
0.133609
-0.003189
0.003485
-0.012085
0.000164
-0.165609
-0.198853
-0.203434
0.260482
-0.100419
-0.648517
-0.442239
-0.336660
0.248586
-0.102293
-0.045610
-0.121905
0.051903
0.213059
0.139828
0.115692
0.073412
-0.429319
0.077675
0.096705
0.236040
-0.390476
-0.328487
-0.068972
0.257286
0.482940
0.201946
-0.172723
-0.090372
-0.135675
-0.144798
-0.205484
0.086768
0.363031
-0.030981
-0.026703
0.138651
0.178731
0.230990
-0.096674
-0.263983
-0.265100
-0.298260
0.292645
0.304055
0.538191
-0.063052
-0.336939
-0.116132
-0.758480
-0.135835
-0.430186
-0.076747
0.163651
-0.070700
0.015929
0.185154
0.091156
0.065042
-0.219900
0.147573
0.037026
-0.121616
0.268597
0.153152
-0.311901
0.101620
0.096021
-0.108526
0.220551
0.292103
-0.791652
0.019935
-0.194943
0.026462
-0.110394
-0.068499
-0.047299
0.122624
-0.071625
0.068306
0.017156
-0.280433
0.271601
0.050648
-0.169156
-0.007203
0.318213
0.203089
0.063967
-0.039685
-0.209506
0.122942
-0.107417
0.057256
-0.525194
-0.059029
0.198326
-0.420476
0.013790
-0.002758
-0.273452
-0.146986
-0.062887
0.436947
-0.175472
-0.337864
-0.124574
-0.033189
-0.133412
-0.078319
0.392353
0.036315
0.066098
-0.031385
-0.016721
-0.199463
-0.026276
-0.127729
-0.139760
-0.371992
-0.061653
0.092380
-0.041520
-0.074982
-0.074408
-0.004797
-0.178805
0.104801
0.157764
0.045512
0.667773
-0.197119
-0.255655
-0.018770
-0.095320
0.232335
0.264007
0.353584
0.219517
0.056079
0.084322
-0.024932
0.052033
-0.087629
-0.584951
-0.183005
0.040295
-0.077375
-0.666955
-0.162579
-0.034675
0.201707
0.011991
-0.181743
-0.034703
0.020239
-0.170044
0.030504
0.235722
0.316215
-0.118075
0.082933
-0.075553
0.130713
0.210009
0.026502
0.175022
0.011706
0.018889
-0.196012
-0.046510
0.028411
0.130639
0.568723
0.057951
0.119588
0.168120
0.172762
-0.084354
-0.194104
0.120010
0.088438
-0.428975
-0.088851
0.218749
-0.387711
-0.401253
-0.181975
-0.069062
0.181335
0.040216
-0.136007
-0.123889
0.676014
0.082105
-0.157436
0.553528
0.070316
0.219337
-0.083851
0.159711
0.286517
0.320917
0.017142
-0.077212
-0.094728
0.189061
-0.249537
0.030617
0.710137
0.463492
0.187457
0.033414
0.033275
-0.433876
0.024857
0.062476
-0.548561
-0.075509
0.033815
0.125114
0.118575
-0.010488
0.095776
-0.054836
-0.091279
-0.292234
-0.109089
0.068093
0.172747
0.398646
0.104573
-0.235684
0.034478
0.413456
0.131840
0.089607
0.193478
-0.099941
-0.348464
-0.386964
-1.153676
-1.159042
0.241660
0.149501
-0.295595
0.072301
-0.063737
-0.305190
-0.159254
-0.020023
-0.065478
-0.212592
-0.567328
0.000569
-0.000224
-0.080441
-0.101389
-0.240404
-0.191926
0.155339
-0.240202
-0.176532
-0.476527
-0.110280
0.225451
0.088820
-0.158651
-0.240602
-0.052779
-0.153267
-0.096138
0.100370
0.089128
-0.538999
-0.160464
-0.160692
0.227375
0.511243
0.194669
-0.124722
0.012560
-0.484609
-0.104651
0.026879
0.268591
0.017454
-0.481043
-0.226570
0.330730
0.426605
0.411939
0.138470
0.037693
-0.037713
-0.027708
0.069095
0.084683
0.118719
-0.147718
0.219328
-0.109779
-0.191000
0.121803
-0.144046
-0.195170
-0.273414
-0.536086
0.379148
0.040045
0.333547
0.097047
0.014840
0.113216
0.133111
0.259397
0.254214
0.146949
0.007873
0.954124
-0.052231
-0.159496
-0.013823
0.481110
0.375093
-0.004220
-0.532233
-0.809688
-0.074978
-0.008436
-0.283734
-0.265926
0.083619
0.303476
-0.156767
-0.182335
-0.104988
0.088050
-0.074975
0.118154
0.062515
-0.031955
-0.009918
0.182557
0.057618
0.307178
-0.061992
0.263990
0.461288
-0.084915
0.111091
0.359575
-0.030604
-0.004882
-0.004625
0.093588
0.288058
-0.149489
-0.162323
-0.117922
-0.198187
-0.187408
-0.018671
-0.161286
0.118200
-0.013113
-0.313506
-0.260891
-0.047684
-0.023695
-0.043415
-0.325053
0.283873
0.084341
-0.251128
-0.160523
-0.054356
-0.271724
-0.325375
-0.201544
0.016494
-0.233709
0.438493
-0.249992
-0.380845
-0.303746
-0.026631
0.104839
0.133291
-0.185711
0.318481
0.124011
0.096431
-1.174844
0.428422
-0.454680
-0.295218
-0.181109
0.009815
-0.115345
-0.190787
-0.202864
-0.180019
-0.138676
-0.166933
-0.005765
-0.014577
-0.045489
0.664378
0.652254
0.354030
0.417035
0.619403
0.003500
0.086749
-0.197993
-0.092520
-0.144630
-0.205606
0.759117
0.201972
-0.433684
0.146559
-0.019349
-0.066806
0.298866
0.668929
-0.093012
0.269929
0.194970
-0.464051
-0.299004
0.136952
0.022701
-0.059875
0.245433
0.263117
0.251960
-0.252150
-0.112779
-0.004740
0.046708
0.031483
0.116470
0.186889
0.166455
0.056967
-0.245260
-0.144905
-0.100414
-0.384908
-0.377494
-0.071753
0.023355
-0.089889
-0.036387
-0.512530
-0.493668
-0.314280
-0.154311
0.041424
0.478443
-0.001125
0.125312
-0.512770
-0.539783
1.661934
1.416969
0.105726
0.153551
-0.060378
-0.031736
-0.060266
-0.059263
0.158009
-0.460896
0.099641
-0.399300
-0.352686
0.030109
0.366212
0.163905
0.091763
0.000759
0.110440
0.247120
0.164303
0.178377
0.036355
-0.115126
-0.078410
0.031894
0.030889
-0.384718
-0.040236
-0.052157
-0.337567
-0.149739
-0.133196
-0.063348
0.450095
0.027702
0.093015
0.019948
0.111284
-0.311066
-0.185115
0.029877
0.019912
-0.037558
0.304312
0.261827
0.137536
-0.110096
0.107502
-0.318697
-0.130348
0.514505
0.067812
0.027578
0.084947
-0.159290
0.261997
-0.041970
0.082871
-0.078076
-0.311594
-0.223408
-0.365376
-0.084821
-0.091825
-0.756158
0.974776
0.018590
0.018215
-0.429981
0.843367
0.144652
-0.082568
-0.194166
-0.114723
-0.098139
0.002341
-0.526022
0.132056
-0.620918
0.132268
-0.021967
-0.476073
-0.529941
-0.055570
-0.169813
-0.128522
-0.108267
-0.160207
-0.070550
-0.261769
-0.005712
-0.011005
0.241224
-0.084570
0.094400
-0.641988
-0.663616
-0.150021
-0.049521
-0.308808
-0.210105
0.004786
0.220757
-0.066935
0.100786
0.147434
0.195573
-0.138968
0.185896
-0.650046
-0.432698
-0.058240
-0.061154
0.045489
0.075864
0.186079
0.905903
0.110521
-0.065029
0.436776
-0.110840
0.009638
0.436711
0.317466
-0.019199
-0.027771
0.105857
-0.208671
0.057618
-0.392647
-0.130972
-0.006122
-0.113550
-0.000684
0.193375
0.640160
-0.143239
0.078834
0.011157
-0.067482
-0.479516
-0.229907
-0.086517
-0.045394
-0.066858
0.086454
-0.016086
0.201710
0.060985
-0.352904
-0.041278
-0.023971
0.539817
0.046010
-0.789603
0.303345
-0.818260
0.092354
-0.176550
-0.181018
-0.152743
-0.060259
-0.549027
-0.144666
-0.173094
-0.075514
-0.128826
-0.198173
0.011245
0.077171
-0.564148
0.322253
-0.059767
-0.591086
0.129109
-0.150898
-0.111903
-0.123769
-0.199208
-0.087494
-0.221693
-0.088860
-0.200594
-0.062764
0.016226
-0.022343
-0.063275
-0.476981
-0.079975
-0.027010
0.321717
-0.051852
-0.398033
-0.386978
-0.236079
-0.108242
-0.532538
0.190149
0.112216
-0.017015
-0.204818
0.544553
0.051028
0.011555
0.037990
-0.174085
0.456227
-0.182097
-0.031118
0.020110
0.390990
0.025607
-0.006429
0.227013
0.118466
-0.631500
-0.137027
-0.195556
0.213630
0.007261
-0.002237
0.008059
0.189751
0.028562
0.332107
0.178695
-0.068646
-0.250830
0.163644
-0.393604
0.082646
-0.180424
-0.808058
0.044309
0.301778
0.184438
0.314968
0.067758
-0.081075
-0.017284
0.150431
0.079691
0.236478
0.339774
0.345357
0.606366
0.529016
0.019830
-0.080085
-0.184920
-0.295560
-0.013344
-0.311402
0.933465
0.015421
-0.179627
-0.070452
0.157544
-0.001360
0.011226
-0.047101
-0.054317
0.185712
0.265211
-0.255884
-0.328808
0.150323
-0.846651
0.561051
0.200286
0.086707
0.380612
0.541335
-0.061386
0.303551
-0.125544
-0.161604
-0.199506
-0.212957
-0.014856
-0.182063
-0.168674
-0.166765
1.297037
-0.022049
-0.017895
0.164891
0.247407
0.201620
0.007674
-0.194071
0.017416
0.167705
0.645754
0.538735
-0.033963
-0.037639
-0.094660
0.087185
-0.049742
-0.078405
0.014334
0.032312
0.106419
-0.164557
0.190026
-0.489510
-0.019900
0.396140
-0.082480
0.513821
-0.033422
0.251768
-0.107973
-0.137611
-0.104520
-0.260671
0.038943
-0.127829
0.224975
-0.576760
-0.086567
-0.080263
-0.179086
0.357284
0.169841
-0.105655
1.019517
1.198413
-0.106348
0.000951
0.156471
0.576622
-0.071965
0.914323
-0.121005
0.224406
-0.273720
-0.058119
-0.269684
0.062428
0.099807
-0.082561
-0.437784
0.198746
-0.732296
0.036652
0.268947
-0.430227
0.702604
-0.036880
-0.278174
-0.191825
-0.349570
0.070606
0.146438
-0.113432
-0.191624
-0.119888
-0.641693
-0.573989
0.985251
-0.091890
0.986652
-0.531962
0.086756
0.095531
-0.008177
-0.221065
-0.241678
-0.479678
-0.036039
-0.022753
0.114951
-0.242330
0.159251
-0.115549
0.054703
0.041330
-0.762145
0.138958
0.220452
-0.200341
0.140218
-0.142985
-0.116682
-0.144255
-0.555802
0.301113
-0.283697
-0.218274
0.030739
0.280138
0.267398
-0.111860
-0.221543
0.212822
-0.947573
0.106314
0.119816
-0.010813
-0.031904
-0.092845
0.385422
0.160962
0.052479
0.110737
0.472701
-0.488219
-0.355185
-0.279806
-0.248846
-0.636305
0.638949
0.673296
-0.090252
-0.008639
0.088021
0.030722
0.291692
-0.127524
-0.199801
-0.255928
-0.067321
0.257487
-0.125385
-0.060670
0.349113
0.106449
-0.182222
-0.347168
0.434657
-0.185420
-0.113241
-0.543479
-0.076999
-0.001905
-0.228311
-0.113899
0.033737
-0.421944
0.077641
-0.188608
0.173543
0.257023
-0.242340
-0.008245
-0.054546
-0.211082
-0.412483
0.219930
0.346457
-0.071700
-0.123893
-0.226980
-0.069233
-0.024138
0.021860
0.824373
0.107965
0.202286
-0.808397
-0.152664
0.159248
0.099354
0.763728
0.377883
0.063594
-0.574022
-0.104888
0.317075
0.174207
-0.044920
-0.035414
-0.001448
0.240337
0.055230
0.172440
0.161780
0.180892
-0.295509
0.067874
0.064970
0.020279
0.206761
0.236478
0.154136
0.136295
0.221859
-0.021255
-0.051614
-0.239908
-0.226645
-0.062820
0.064074
-0.165588
-0.156858
-0.177206
-0.017225
-0.017344
0.006934
-0.052069
-0.027961
0.005569
0.059325
0.134341
0.247891
-0.027528
0.021656
0.417753
-0.214788
0.031009
0.160896
0.156488
0.368205
0.519455
0.582359
-0.076925
-0.416461
-0.841621
-0.073763
0.467793
0.747457
0.253310
-0.124535
0.062356
0.218164
-0.159535
0.083137
0.106862
0.078270
0.729833
-0.301985
0.169199
0.051877
0.071153
0.169538
0.255807
0.262732
0.120317
-0.757844
0.116708
0.505599
0.317791
-0.074568
0.149242
-0.116403
0.084908
0.114665
-0.260338
0.099790
-0.038955
0.131475
-0.176033
-0.335061
0.135144
0.038682
-0.093967
-0.035699
-0.016796
0.005311
-0.154997
0.393086
0.596532
0.586910
0.144457
-0.215048
-0.031623
-0.171017
0.338282
0.308397
0.210672
-0.455157
0.181113
0.284822
-0.005783
0.329026
0.133499
-0.109518
-0.242086
-0.098958
0.347008
-0.143491
0.227681
-0.048657
-0.038352
-0.038494
-0.530923
-0.120546
-0.194977
-0.459588
0.746546
-0.020484
0.095614
-0.099785
-0.050852
0.346997
0.033247
0.115931
-0.149494
-0.155073
0.125376
-0.228005
0.240260
1.203514
0.179225
0.235169
0.051210
0.026722
-0.126768
-0.199192
-0.250047
0.049702
0.040192
-0.074852
0.212221
0.034542
0.183926
0.112137
0.804439
0.297959
0.059173
-0.131632
-0.176652
0.100977
-0.169593
-0.181811
0.142995
-0.108975
-0.445904
0.024649
-0.123940
0.100915
-0.216306
-0.014539
-0.185118
-0.294156
-0.348410
0.035899
-0.141247
-0.525406
-0.239949
-0.044477
-0.075427
-0.006911
-0.014790
-0.121995
-0.090143
0.327884
-0.189334
-0.198883
-0.559626
-0.184032
-0.029568
0.014690
0.622372
-0.212238
-0.684684
-0.092643
-0.026438
-0.140045
-0.202603
0.120265
0.063860
-0.092494
0.370742
-0.140575
-0.216890
0.104653
0.294274
0.188110
0.057618
-0.074374
0.701019
0.003322
0.314950
0.153204
0.459758
-0.025309
-0.388631
-0.347727
-0.111998
-0.371665
0.068639
0.023054
-0.014086
-0.346716
-0.308371
0.125374
0.343006
0.002919
0.107601
0.079895
-0.132426
0.486116
0.001673
0.019084
-0.123811
-0.535496
0.097776
0.039408
0.145679
0.095142
-0.138015
-0.026292
-0.296440
-0.066050
-0.176759
0.137231
0.414472
0.224359
-0.086466
-0.027884
0.095467
0.030241
-0.236010
0.744031
-0.037481
0.402882
-0.058943
0.120318
0.271563
-0.187991
0.226146
1.170055
0.387030
0.029814
-0.309038
0.065423
-0.196379
0.146064
-0.205844
-0.026088
0.564479
-0.064153
0.053087
0.698230
0.615526
-0.027812
-0.179252
-0.215122
0.117257
0.023458
0.056353
-0.004757
-0.227639
-0.048837
-0.137661
0.056967
0.069660
-0.330531
-0.014390
0.192317
-0.255178
-0.075202
0.027266
-0.086808
0.104563
-0.021174
0.402576
-0.101262
0.008861
-0.030406
0.042367
0.060530
-0.421487
-0.057517
-0.384792
-0.348836
0.502565
0.208660
0.419202
-0.118809
0.352775
-0.073423
0.001502
0.044666
-0.154912
-0.069180
-0.159468
0.218250
0.002431
0.734837
-0.258652
0.026452
0.007417
-0.115790
0.394016
-0.320383
0.401060
-0.074758
-0.169757
-0.123835
-0.059757
-0.188594
-0.028605
-0.201852
-0.024619
0.379874
-0.287275
-0.280505
-0.148679
0.024102
0.061576
0.223688
-0.156677
-0.066970
0.295964
-0.211607
0.188231
-0.214340
-0.222212
0.193337
0.535248
0.280629
0.377294
0.175178
-0.043215
0.002210
-0.341594
-0.068427
0.311432
-0.002483
-0.653703
0.120008
-0.131090
-0.176035
-0.077140
0.233139
-0.428988
-0.537477
0.246272
0.179051
-0.261786
-0.264496
-0.176967
-0.058751
0.109345
-0.305522
0.080651
-0.115845
0.135521
-0.069781
-0.025411
-0.178187
-0.074862
-0.035160
0.330753
-0.403085
0.541845
-0.148436
-0.090142
0.061918
0.357802
-0.220179
0.022669
-0.126906
0.087183
-0.105739
0.024250
-0.120306
0.215692
-0.149832
-0.040337
-0.000827
-0.128398
0.045505
-0.025928
-0.081731
-0.625600
0.004183
0.006440
0.031885
0.139445
-0.318031
-0.360843
0.028389
-0.366885
-0.123391
-0.979249
0.468535
-0.171687
-0.115289
-0.242655
-0.010290
-0.140811
0.009839
0.346075
0.295445
-0.222653
-0.813187
0.140366
-0.155073
-0.092287
-0.101767
-0.199856
-0.253063
-0.005135
0.179925
0.214226
-0.120671
-0.242045
-0.033723
-0.067476
-0.147083
-0.071978
-0.260156
-0.021929
-0.261957
-0.136631
0.168370
0.491739
0.578693
0.511719
-0.449252
-0.116690
0.034137
0.510032
0.776553
-0.224545
-0.047173
-0.209095
0.319718
-0.179953
-0.122155
0.325014
-0.164231
-0.099908
-0.041307
0.166467
0.047133
0.032694
0.709262
0.504515
-0.050751
-0.271919
-0.072596
-0.106432
0.175104
0.204709
0.207975
-0.214158
-0.118343
-0.149120
-0.351496
-0.197460
0.007745
0.067653
-0.194018
-0.079473
-0.129219
0.024559
-0.015292
0.033413
0.068130
0.037670
0.023098
0.031462
0.093247
-0.250720
-0.289834
-0.258937
-0.219951
0.321868
0.168188
-0.034131
-0.407556
0.069053
-0.573811
-0.124756
0.048832
0.028329
-0.358467
-0.525552
-0.061654
-0.109815
-0.069886
-0.342140
-0.391334
0.575400
-0.182142
0.414531
0.294244
-0.146943
-0.100306
0.068863
0.107968
0.077997
0.301477
0.256601
-0.151522
0.062655
-0.414296
-0.075221
0.171294
-0.656690
-0.001078
-0.880927
-0.029203
-0.413998
-0.040684
0.537402
0.097873
-0.028784
0.168340
0.224743
-0.071316
-0.030372
-0.107737
-0.158799
-0.233470
0.127868
-0.224169
-0.220126
-0.138992
0.715713
-0.216355
-0.114485
-0.557732
0.054674
0.150496
0.005836
0.207802
-0.061908
0.053115
0.475485
0.064192
0.876612
0.283652
0.079167
-0.154515
-0.248919
-0.143798
-0.231545
-0.215852
-0.081965
0.075994
-0.184219
-0.053254
0.022589
-0.261502
0.471677
-0.040379
-0.079495
-0.043457
0.073567
0.269748
-0.213449
-0.200660
0.572315
0.170704
-0.037753
0.212241
0.367014
0.358177
0.079532
-0.415600
-0.133297
-0.091844
-0.707867
-0.032214
-0.535432
-0.106413
0.322863
0.217718
0.292050
-0.158050
-0.264026
0.081833
0.267096
0.484935
-0.086539
-0.128113
0.045546
-0.225371
-0.123194
-0.163971
-0.749639
-0.052597
0.129332
0.398819
0.025025
0.239740
-0.073780
-0.101238
0.260283
0.430493
0.546665
0.084201
-0.202289
0.060490
-0.465895
-0.259931
0.094576
0.374681
1.542297
-0.031768
-0.195661
-0.156684
0.064324
0.325517
0.231603
0.231069
1.017126
0.719595
0.330534
0.016745
-0.329098
-0.381742
0.307373
0.235173
0.064123
-0.318545
-0.055760
-0.081022
0.495702
-0.155498
0.152837
0.126775
-0.328587
-0.224418
0.040355
0.314081
-0.071493
0.897273
0.135524
0.141337
0.099573
-0.086127
0.081579
0.002973
-0.140620
0.217026
0.350104
0.009764
-0.147398
-0.285203
0.167858
0.021828
-0.132852
0.129018
0.040569
-0.246724
0.117277
-0.155721
0.166696
-0.295828
-0.191035
0.049098
0.356405
0.012572
-0.123616
-0.028402
0.015566
-0.178118
0.127785
-0.027926
0.212451
0.202596
-0.036858
-0.026159
0.382863
0.301025
0.516933
0.146256
0.166132
0.192237
0.140899
0.399882
0.435099
0.062500
0.207283
0.227392
-0.557612
-0.377377
0.132222
0.086660
0.006795
-0.042158
-0.220076
-0.041889
-0.092735
0.297607
0.033625
-0.082172
-0.291425
-0.287535
-0.016515
-0.257008
0.219219
-0.065275
0.111864
-0.126392
-0.375938
-0.203587
-0.224358
-0.079714
-0.016031
-0.010668
0.011443
-0.541798
-0.563465
-0.235403
0.021633
0.075940
-0.252207
0.023160
-0.037905
0.011796
0.229521
-0.447352
0.610777
-0.129722
-0.098874
-0.089051
-0.003862
-0.003555
0.996028
0.716713
0.193256
0.445449
-0.130584
-0.003116
-0.079385
-0.034017
0.044192
-0.338177
-0.003595
0.036520
-0.007535
0.000806
-0.293835
-0.257108
-0.104315
-0.102386
0.259925
0.203935
-0.009245
-0.004708
0.477909
-0.124469
-0.181337
-0.160041
-0.160746
-0.173437
0.319919
-0.135243
0.070648
-0.383963
-0.039496
-0.062985
0.053442
0.091759
0.026505
-0.048979
-0.114528
-0.229873
0.140424
-0.315294
-0.266481
-0.166503
0.116404
0.281090
0.247851
0.215864
0.053867
0.083947
-0.138932
-0.145220
-0.226368
-0.076350
-0.625340
0.265226
-0.190779
-0.058865
-0.153625
-0.446265
-0.014826
-0.080881
-0.487798
-0.382991
-0.086922
-0.346709
-0.144066
-0.114647
-0.360185
0.097127
-0.005341
-0.256680
0.296849
0.010777
-0.202132
-0.043159
0.052441
-0.161516
-0.003465
0.097656
-0.078137
-0.324935
-0.093419
-0.265063
0.057065
0.047691
-0.071734
-0.244373
-0.109804
-0.145911
0.013627
-0.259017
-0.118097
0.012960
0.089368
-0.377531
-0.271530
0.123281
0.262764
0.008546
-0.365842
-0.037376
-0.053459
0.058321
0.170713
-0.065018
-0.098348
-0.252888
-0.470180
0.244257
0.267535
-0.004228
-0.130742
0.925267
-0.656494
0.212379
-0.146276
-0.635981
-0.008254
-0.090242
0.017524
-0.076661
-0.296186
-0.071907
-0.198797
-0.100233
0.073412
-0.042260
-0.174996
-0.033154
0.175992
-0.079147
0.183383
-0.310529
0.021040
-0.083439
-0.477547
0.162646
0.460537
-0.203613
-0.244035
-0.291280
-0.392544
-0.179908
0.077237
0.024244
0.818290
0.296397
0.339817
0.126665
0.710831
0.204671
-0.445079
-0.151232
0.101353
0.153790
0.381713
0.031328
0.178310
-0.138917
0.222921
0.301186
-0.177473
0.132171
-0.223620
-0.246852
-0.018948
-0.058004
-0.479224
-0.646117
-0.132481
-0.014961
0.151680
0.596988
0.018520
-0.062002
-0.036201
-0.036393
-0.094086
-0.058933
-0.019922
0.019506
-0.021194
-0.027572
-0.117442
0.184090
-0.048192
0.143026
0.221067
-0.138217
0.267601
0.436946
-0.175082
-0.500812
-0.461102
-0.093630
-0.035470
0.119314
-0.188115
-0.155323
-0.229122
-0.582702
0.333765
-0.072054
-0.107022
-0.154358
-0.504613
-0.274975
-0.105414
-0.117887
-0.389493
0.115456
-0.049630
-0.142917
-0.338004
-0.251381
-0.144845
-0.298507
0.143387
-0.547891
-0.548435
-0.276525
0.561420
-0.065756
0.406170
-0.106730
-0.467659
-0.033594
-0.221929
0.022077
0.678162
1.052738
0.049204
0.171327
0.187115
0.137631
-0.049799
-0.062304
-0.143125
-0.150034
-0.096842
-0.087515
-0.240647
-0.054307
-0.333725
0.058315
-0.041666
-0.170634
0.123838
-0.441851
-0.611506
-0.263974
-0.141594
0.219769
-0.188965
0.411008
-0.124600
-0.860702
-0.109571
-0.214767
0.109033
-0.248592
0.035994
-0.264984
0.055109
-0.122710
-0.318472
-0.107797
0.253303
0.044457
-0.137950
0.047142
-0.012052
-0.065609
-0.078951
0.111531
0.079346
-0.073959
0.067127
-0.122781
-0.030293
-0.157379
0.158779
-0.488760
0.390222
-0.227157
-0.014688
-0.078146
-0.098990
-0.083450
0.588624
0.449379
0.034023
-0.443198
-0.128242
-0.031947
0.228018
0.206492
1.017619
0.271331
-0.182675
-0.512678
-0.108291
0.124906
0.237480
0.365131
-0.132380
-0.147741
-0.095125
-0.095577
-0.028238
-0.119577
-0.069466
-0.202179
0.774151
0.170273
0.064700
-0.233531
0.019080
-0.094031
-0.062735
-0.178161
-0.238102
0.014914
0.223082
0.068463
-0.204624
0.098217
0.410914
-0.636295
-0.607831
-0.026015
-0.131182
0.049931
0.139852
0.053747
0.017316
0.850244
0.297064
0.115395
-0.149611
-0.031838
-0.201980
-0.135840
-0.055826
0.001575
-0.005695
0.095330
0.031600
0.111085
-0.609057
0.006549
-0.099042
-0.295919
-0.249174
0.220685
-0.213128
-0.073561
0.504154
0.439882
0.377199
0.119884
-0.162759
-0.083555
0.003956
-0.113261
-0.047555
0.103424
-0.157113
-0.078296
0.024949
0.139497
-0.090767
-0.349828
0.307848
0.150199
-0.178471
-0.420991
-0.116075
0.143499
-0.193833
0.322222
1.435332
0.142236
0.014665
0.326940
0.114420
-0.278327
-0.043093
0.132299
0.537724
0.616877
-0.083104
0.181421
0.414111
0.969460
-0.035491
-0.066941
-0.169555
0.131143
0.350702
-0.041562
0.274718
0.293444
-0.217051
-0.144263
-0.002953
-0.133340
-0.405522
0.289491
0.127503
0.067700
-0.191124
0.034922
0.146161
-0.139085
-0.077457
0.389214
-0.479452
-0.057366
-0.007758
0.134152
0.415650
-0.196871
-0.111408
-0.302500
0.261362
0.065970
0.235588
0.349862
0.038799
0.044062
-0.164867
-0.332616
-0.211197
-0.062148
-0.019415
-0.015523
-0.037914
-0.033579
0.393435
0.233267
0.759995
-0.444667
0.068841
0.148555
-0.260394
-0.312288
-0.064174
-0.331628
-0.006114
-0.046816
-0.182484
0.252308
-0.023742
0.700476
0.085803
0.117457
0.023948
-0.066466
0.527791
0.171659
-0.521409
-0.227485
-0.139454
-0.034876
0.034825
0.144957
-0.007708
0.072518
-0.051526
-0.320612
-0.399844
-0.415598
-0.507910
-0.169940
-0.063032
0.166417
-0.096577
0.525898
-0.063231
-0.031364
0.092147
0.043396
-0.290815
-0.221262
-0.092073
0.013257
-0.164516
-0.113825
0.440556
0.237052
0.340435
-0.309769
-0.118075
0.230448
-0.025594
-0.224068
0.171562
-0.540761
-0.010996
-0.116260
0.225459
-0.064945
-0.132101
-0.166675
0.013348
0.764414
0.029793
0.023432
-0.055641
-0.077214
-0.474220
-0.450998
0.520622
0.109901
0.308689
0.171687
0.055646
-0.199521
1.303250
-0.109628
0.097356
-0.055948
0.292708
-0.075657
0.629972
0.339945
-0.059600
-0.132665
0.082620
-0.100280
-0.018209
-0.145404
-0.007377
-0.130797
0.253421
-0.345731
0.169626
-0.306998
-0.339657
-0.269009
-0.491605
0.310622
0.415764
-0.067731
-0.071081
-0.208756
0.048913
-0.018153
0.067680
0.093803
0.120800
-0.168926
-0.228140
0.287547
-0.117460
-0.048186
-0.592397
-0.057987
-0.027576
0.253375
0.448916
0.555895
-0.842431
-0.423385
0.159608
-0.096473
-0.153953
0.256545
-0.100296
-0.417849
-0.005678
-0.084645
-0.231996
-0.255529
0.136100
-0.281279
1.572926
-0.034506
-0.022079
-0.186410
0.364777
-0.139272
-0.041434
0.394824
0.258240
0.084580
-0.005038
-0.118046
-0.110337
0.222514
-0.301471
0.070620
-0.177666
0.053874
-0.238453
-0.208350
0.066106
-0.000374
0.164957
-0.067217
0.047853
0.381225
0.507613
-0.071604
-0.191881
-0.235933
-0.332589
-0.701912
0.025826
-0.006649
-0.531253
-0.553226
0.216907
0.816470
1.255019
0.034624
0.126882
0.167251
-0.062066
-0.191082
-0.056101
-0.647878
-0.163214
-0.000895
-0.245134
0.281323
-0.360740
0.251200
0.690731
0.310563
-0.089541
0.347320
-0.399545
0.021548
-0.025468
-0.066180
0.103376
0.005117
0.348332
-0.109236
0.148087
-0.265406
-0.064393
-0.059922
-0.164654
-0.410903
-0.257465
-0.134223
-1.055918
-0.052122
0.030746
-0.283370
-0.649944
0.040152
-0.260634
-0.126621
-0.168685
0.078169
-0.073236
0.021054
0.017586
-0.121942
-0.073255
-0.007246
0.276871
0.007901
-0.090913
-0.057909
-0.026092
-0.166644
-0.076793
0.070791
0.138871
0.161735
0.227126
0.131345
0.115211
-0.085907
0.890254
0.087465
-0.069529
0.107108
-0.081949
0.305557
0.838512
0.087216
-0.108110
0.018687
0.079069
0.142666
1.139784
0.579632
0.356991
-0.093670
-0.327718
-0.076197
-0.008072
0.105612
-0.070020
-0.109024
-0.051340
-0.137608
-0.091473
-0.191215
-0.098880
0.067059
-0.276928
0.119108
0.085676
0.033678
0.241424
0.168328
0.142609
-0.064332
-0.515606
-0.170543
0.266899
-0.002380
-0.727306
-0.157032
-0.006219
0.006626
0.154743
-0.162459
-0.199887
-0.060740
0.260776
-0.012315
0.034322
0.022856
-0.058415
0.009444
-0.245184
-0.200947
-0.008543
-0.435966
-0.561589
-0.354171
-0.635697
-0.026252
-0.058718
-0.012380
-0.054475
0.081404
-0.370265
-0.314545
-0.309654
-0.791464
-0.270112
-0.461238
-0.099496
-0.235796
-0.108170
-0.193553
-0.418975
-0.004648
-0.059109
-0.046382
0.090070
-0.037357
-0.020781
-0.558682
-0.073773
-0.221490
-0.091529
-0.099005
0.035196
0.090740
0.874136
0.174124
0.622073
0.203616
-0.192037
0.234660
-0.185602
-0.241736
0.713441
0.643945
1.509450
0.572964
0.100000
0.584531
0.157357
-0.027352
0.045545
0.287777
0.070421
1.154554
-0.617908
0.041385
0.044199
-0.118937
-0.075804
-0.249503
-0.321420
-0.011385
0.014185
0.009768
-0.139096
-0.440069
-0.414048
-0.006680
-0.025932
0.070939
0.285080
0.013294
-0.240188
-0.142482
0.051263
0.243361
0.200720
0.097682
-0.062759
0.086528
-0.063708
0.032958
0.070317
0.257226
-0.080863
0.067099
-0.247338
0.540199
-0.071125
-0.027032
-0.049103
-0.228228
-0.084731
0.029059
0.003483
-0.117985
-0.189787
0.007734
0.031811
-0.195741
0.214001
0.532490
-0.124102
-0.013628
0.045054
0.033255
0.328438
0.231506
-0.008061
0.096100
0.125883
0.134718
0.052117
0.015512
-0.073418
0.200072
-0.194708
0.305163
-0.124995
0.123314
-0.180424
-0.703072
0.187171
0.428522
0.314641
-0.010846
-0.107295
0.210328
0.244965
0.045338
0.202064
0.474042
0.671345
-0.093141
-0.052899
-0.092716
-0.178408
0.036138
0.020641
0.061039
-0.057632
-0.013433
-0.036022
-0.479203
-0.236320
-0.016635
0.197076
-0.217036
-0.197060
-0.046273
0.014775
-0.185848
-0.077100
0.032727
-0.018569
0.005339
-0.038549
-0.069605
-0.111004
-0.083711
0.040891
0.021917
-0.115900
0.296435
0.290729
0.011140
-0.146024
0.037315
-0.232486
-0.244083
-0.388761
-0.075369
-0.007613
-0.267844
0.093537
0.004523
0.344012
0.022856
0.452709
-0.004594
-0.030040
-0.027677
-0.401609
-0.184557
-0.111687
-0.023160
-0.115787
-0.298567
-0.525798
-0.095966
0.521479
0.172561
-0.021732
-0.199785
-0.053297
0.140316
-0.150910
0.137151
-0.363724
-0.246205
-0.652692
-0.519307
0.020845
-0.129742
-0.202474
0.002596
-0.022870
0.365127
0.563340
-0.246002
0.083646
-0.212258
0.526007
1.224696
-0.022377
-0.034026
-0.124438
-0.220439
-0.123577
-0.183691
-0.034859
-0.061736
0.018912
0.134199
0.157919
0.073718
0.192661
0.027608
0.053875
-0.240097
-0.048406
0.037069
0.067946
0.723683
-0.160259
0.367070
-0.350486
0.301422
0.267299
-0.137161
0.036128
-0.011155
-0.293795
-0.013769
0.024631
-0.147227
-0.257168
-0.193107
-0.050837
-0.427282
-0.407146
-0.238568
0.163112
-0.121835
-0.003667
-0.046807
0.163183
0.011173
-0.207622
0.161817
0.167209
-0.141717
-0.004243
0.007724
0.161403
0.147390
0.126451
0.176682
0.189802
-0.044535
-0.140523
-0.032447
-0.065498
0.118824
0.120841
-0.049083
-0.017705
-0.054015
-0.009390
-0.004135
-1.000722
0.044972
0.028176
0.701551
1.067237
0.201229
-0.118549
-0.207792
-0.003065
-0.194534
-0.069912
-0.116025
-0.313457
0.056405
0.101316
-0.206387
-0.161183
-0.097170
-0.130910
-0.027557
0.056484
0.092894
-0.035622
0.143056
-0.023010
-0.209139
-0.278524
-0.000299
-0.525022
0.216289
0.327580
-0.080518
0.323591
0.026056
0.394320
-0.116018
-0.078944
0.338713
-0.218633
0.039847
-0.073494
-0.084075
-0.242495
0.008613
-0.175922
-0.016417
0.767646
-0.000374
0.302878
-0.188940
-0.167623
-0.076259
0.107557
0.112336
-0.103647
0.057254
0.089446
-0.207888
-0.446461
-0.080598
0.065340
-0.115520
-0.349516
-0.207128
-0.106209
-0.046999
0.374937
0.593555
0.008844
0.040425
-0.178858
-0.489356
-0.057381
-0.100348
-0.255748
0.441870
0.107204
0.086952
-0.161128
-0.131072
-0.576204
0.057618
-0.042488
-0.129468
-0.164742
0.150597
-0.060882
0.112907
0.002618
-0.064467
-0.058306
-0.119680
-0.157031
0.024662
-0.089227
-0.230537
-0.145814
0.020643
-0.042685
0.044016
0.378073
0.056510
0.213952
0.130408
0.173183
0.017370
-0.050846
-0.140547
-0.051223
-0.318236
-0.108231
0.245442
-0.016872
-0.279012
0.033131
-0.086348
-0.088263
-0.057203
0.637530
0.418811
0.236411
-0.037349
-0.085917
0.124368
0.015269
-0.091233
-0.001087
-0.222302
0.212249
0.147936
0.104291
