6.800000000000000e+1
6.900000000000000e+1
6.600000000000000e+1
1.000000000000000e+2
8.000000000000000e+1
9.500000000000000e+1
9.300000000000000e+1
9.700000000000000e+1
7.800000000000000e+1
6.800000000000000e+1
7.700000000000000e+1
8.500000000000000e+1
6.800000000000000e+1
7.500000000000000e+1
5.300000000000000e+1
4.700000000000000e+1
5.600000000000000e+1
6.000000000000000e+1
7.000000000000000e+1
7.000000000000000e+1
7.400000000000000e+1
5.400000000000000e+1
7.300000000000000e+1
6.400000000000000e+1
8.300000000000000e+1
6.000000000000000e+1
8.700000000000000e+1
9.900000000000000e+1
7.000000000000000e+1
9.000000000000000e+1
6.300000000000000e+1
6.200000000000000e+1
7.200000000000000e+1
7.500000000000000e+1
8.900000000000000e+1
7.100000000000000e+1
7.400000000000000e+1
1.040000000000000e+2
8.700000000000000e+1
7.800000000000000e+1
6.500000000000000e+1
4.300000000000000e+1
6.600000000000000e+1
8.700000000000000e+1
6.300000000000000e+1
7.600000000000000e+1
6.300000000000000e+1
