1.280000000000000e+2
1.100000000000000e+2
1.380000000000000e+2
1.590000000000000e+2
1.400000000000000e+2
1.320000000000000e+2
1.540000000000000e+2
1.310000000000000e+2
1.080000000000000e+2
1.520000000000000e+2
1.220000000000000e+2
1.370000000000000e+2
1.420000000000000e+2
1.100000000000000e+2
1.110000000000000e+2
1.030000000000000e+2
1.250000000000000e+2
1.140000000000000e+2
1.370000000000000e+2
1.110000000000000e+2
1.090000000000000e+2
1.330000000000000e+2
1.240000000000000e+2
1.240000000000000e+2
1.200000000000000e+2
1.180000000000000e+2
1.330000000000000e+2
1.160000000000000e+2
1.340000000000000e+2
1.220000000000000e+2
1.440000000000000e+2
1.340000000000000e+2
1.650000000000000e+2
1.190000000000000e+2
1.480000000000000e+2
1.360000000000000e+2
1.040000000000000e+2
1.390000000000000e+2
1.190000000000000e+2
1.240000000000000e+2
1.120000000000000e+2
1.150000000000000e+2
1.370000000000000e+2
1.030000000000000e+2
1.060000000000000e+2
1.360000000000000e+2
1.410000000000000e+2
