-0.028760068
-2.7437E-05
0.002485773
-0.000316772
-0.020874253
-0.079368996
-0.055213926
-0.076068712
-0.167083587
-0.001993064
-0.049129167
-0.076965817
-0.060532603
0.004857644
0.014273249
0.001134801
0.02819756
0.14199256
0.190591777
0.591600754
0.355500492
0.485573112
0.414420835
0.043662803
0.224014563
0.309954321
0.126542002
0.100332943
0.059229362
0.039146325
0.469576936
0.455682907
0.455593653
0.045863502
0.005238096
0.228274495
0.013180919
-0.011808928
0.085239422
0.033536884
-0.002115413
-0.083423176
-0.00322474
0.041135168
0.045728397
-0.085682149
-0.069327422
-0.091379258
-0.445919189
-0.030356218
-0.029146712
-0.597553341
-0.218344922
-0.30369632
-0.065429774
-0.548617981
-0.062287516
-0.322162119
-0.487840899
-0.855823908
-0.201705194
-0.174702948
-0.911337466
-0.581862838
-0.92049992
-0.078790193
-0.267682525
-0.298515704
-0.884133617
-0.857570791
-0.004742055
-0.286112549
-1.014306297
-1.044723764
-0.226654653
-1.140686777
-1.137371205
-0.47045772
-0.894198442
-0.019790304
-0.544231585
-0.244122201
-0.102126074
-0.4320473
-0.090581634
-0.783585594
-0.201587815
-0.193289895
-0.290141732
-0.145824345
-0.091867451
-0.3630722
-0.167154002
-0.163035954
-0.215271339
-0.060397317
-0.012960661
-0.013703186
0.050035278
0.132850812
0.08599951
0.301726452
0.27066569
0.581552578
1.401462944
0.372302313
1.037340466
0.331614659
0.693198294
0.223595462
2.302812614
1.385917202
0.761538741
1.008938814
0.28863949
0.954960865
0.6271217
0.98615154
0.49500252
0.954971429
0.525879189
0.468326543
0.74128508
0.624045735
1.142725338
1.159828462
0.03213198
1.130772819
0.86748348
1.332211238
0.816355009
0.640818985
0.384631765
0.837990351
1.026722754
0.085231256
0.750478699
0.557077394
0.65985552
0.174654585
0.021882964
0.07939241
-0.054419273
-0.053170115
-0.03182159
-0.196144514
-0.252094728
-0.116444464
-0.63752371
-0.617943343
-0.336903507
-0.768180828
-1.35985367
-0.749166507
-0.366143824
-0.656199827
-0.144597917
-0.678805416
-0.250382454
-0.476031057
-0.487208771
-0.33193339
-0.503380955
-0.304248269
-1.105862026
-0.256525674
-0.530254128
-0.071171453
-0.999236102
-0.001220362
-0.198698573
-0.407851851
-0.243605386
-0.279459414
-0.609516061
-0.21458403
-0.128317738
-0.392243239
-0.110532767
-0.48010933
-0.214110125
-0.226686467
-0.103340771
-0.056264726
-0.010044746
0.01088318
0.051287641
0.16151585
0.033766215
0.026728032
0.200962774
0.116020858
0.070487263
0.374384814
0.465176889
0.11000668
0.079802084
0.193864977
0.321283755
0.182060662
0.052083186
0.106964417
0.509830125
0.51534027
1.105210625
0.281628591
1.134528996
0.564310763
0.178374482
1.650336522
0.46211304
0.519246597
1.403243415
0.71774572
0.216590258
0.542195493
0.293114903
1.264228837
1.243520785
0.745019809
1.11295658
1.067018781
0.261161113
0.305758179
0.472248772
0.304339952
0.12390374
0.005744371
-0.008894529
-0.004323586
-0.077983798
-0.060204203
-0.247003999
-0.320910057
-0.376655593
-0.661229388
-0.540873637
-0.727599717
-0.593341496
-0.116558231
-0.462153969
-0.827089276
-0.826103176
-0.741905085
-0.035213003
-0.21539233
-0.215407775
-0.392179572
-0.032894206
-0.616504251
-0.078366367
-0.457748333
-0.370237942
-0.174182417
-0.326822268
-0.195412647
-0.337319197
-0.111793428
-0.128928593
-0.009462817
-0.1570505
-0.005477253
0.038381622
0.181126142
0.129304671
0.156905325
0.049334471
0.268906126
0.162531734
0.250384448
0.314765776
0.254817424
0.079393129
0.069592604
0.116302602
0.028218218
-0.023614923
-0.022118632
-0.036537396
-0.153465707
-0.157433866
-0.089952084
-0.100452106
-0.283832489
-0.056686754
-0.387611553
-0.136772392
-0.348662883
-0.432197492
-0.27844244
-0.405744372
-0.501592759
-0.139817949
-0.294780122
-0.055337997
-0.243688561
-0.012700356
-0.489789387
-0.589217607
-0.245548272
-0.508692964
-0.296885079
-0.512127433
-0.520008005
-0.243126876
-0.054016999
-0.633687711
-0.601078933
-0.421429109
-0.506970758
-0.35653467
-0.868646935
-0.190099994
-0.994428397
-0.37799614
-0.980707429
-0.247297457
-0.363818205
-0.19927771
-0.028584109
-0.977981636
-0.978762415
-0.855455997
-0.076350353
-0.396443141
-0.134104736
-0.407084205
-0.591996565
-0.481517203
-0.093938778
-0.580127966
-0.435289694
-0.465116631
-0.292059361
-0.2415468
-0.244991722
-0.032376405
-0.138043377
-0.132260878
-0.084969228
0.00776234
0.045127902
0.067986571
0.068493863
0.23748994
0.196874301
0.056883421
0.31102549
1.180028718
0.919701507
1.238093891
0.564223923
0.632100135
1.182434339
0.91265892
0.850621632
0.551046012
0.52976396
0.218670003
0.470854142
0.167604631
0.534505961
0.500144342
0.367957919
0.220637609
0.460458936
0.06771513
0.038978689
0.14410225
0.060107893
0.372143511
0.162842017
0.177696848
0.095953006
-0.006162854
-0.059839842
-0.020590911
0.009331913
-0.000202522
-0.0286542
0.000992149
0.001748462
-0.01078241
-0.050302764
-0.166484264
-0.207557434
-0.180369071
-0.058300996
-0.332953269
-0.221283735
-0.445220185
-0.665731297
-0.604550594
-0.195400799
-0.651328388
-0.20817918
-0.794223555
-0.611910439
-0.135239481
-0.240458127
-0.608838645
-0.027993157
-0.081212322
-0.128743571
-0.167382975
-0.249558671
-0.243039758
-0.068636843
-0.251361311
-0.188328134
-0.055397503
0.116266173
0.188647706
0.002845976
0.257051992
0.3427048
0.142146654
0.726153034
0.305329983
0.343662416
0.119022149
0.082448385
0.186648784
0.14048898
0.858567033
0.714015244
0.69630916
0.149870906
0.028746077
0.024959223
0.066450705
0.164844646
0.011040941
0.007423496
0.002242598
0.014507043
0.014003381
0.0728211
-0.00027511
-0.007238248
0.001923945
-0.10743482
-0.012989935
-0.226294794
-0.255470227
-0.097026476
-0.157383111
-0.33077589
-0.160011474
-0.028681819
-0.109931837
-0.261608946
-0.184261125
-0.171864636
-0.376123307
-0.16347886
-0.305109022
-0.064844308
-0.239290475
-0.10846377
-0.285563251
-0.077577266
-0.067839025
-0.022816745
0.07315847
0.016633664
0.207836533
0.329425166
0.278135514
0.073774864
0.18229651
0.222567448
0.138333069
0.142634782
0.054556524
0.121808194
0.296688012
0.511393273
0.119770165
0.058127248
0.125477505
0.076024369
0.11028122
0.035017085
0.220899852
0.218095511
0.202963014
0.128712221
0.087320963
0.034296831
0.11368614
0.007241858
0.164371547
0.12905109
0.064581459
0.141859819
0.176639655
0.117774986
0.132572966
0.04300944
